1621745980169 5689.34405669221 0
1621745983182 2575.1972198540643 1
1621745986167 563.1981008924386 2
1621745989161 259.80210072736077 3
1621745992161 247.78262210698486 4
1621745996207 234.30731800791122 5
1621745999225 221.4292724059724 6
1621746002238 230.55961395761182 7
1621746005247 221.24723994174343 8
1621746008259 214.574555439466 9
1621746011719 204.7240756508667 10
1621746014737 215.67548586908606 11
1621746017766 221.73692656673384 12
1621746020777 213.55511147860335 13
1621746023783 202.46477106680538 14
1621746027222 212.4082836858011 15
1621746030235 213.24118509521398 16
1621746033242 198.09357599853288 17
1621746036296 209.23164542021595 18
1621746039321 198.41858062559476 19
1621746042798 218.47108360296502 20
1621746045830 205.9055537714469 21
1621746048861 210.56241657036838 22
1621746051921 201.61694685389514 23
1621746054959 194.7599213891346 24
1621746058460 197.5080872929002 25
1621746061534 206.3286199454965 26
1621746064620 191.84561356991017 27
1621746067715 201.93176415960008 28
1621746070758 197.57613604775 29
1621746074232 192.021931058751 30
1621746077295 188.54704589908926 31
1621746080334 191.33772300752258 32
1621746083392 192.9563623117265 33
1621746086429 203.5174837045214 34
1621746089879 190.91846209977066 35
1621746092912 187.83521879876034 36
1621746095948 188.00762532646226 37
1621746098983 195.61817068655466 38
1621746102022 191.6830944518326 39
1621746105494 188.42394189949331 40
1621746108529 194.0108106863951 41
1621746111579 183.98453813988584 42
1621746114619 190.85472545893987 43
1621746117639 187.36077194338787 44
1621746121110 181.09572017395666 45
1621746124153 185.48546011422278 46
1621746127181 188.22267571807274 47
1621746130234 181.23704502086431 48
1621746133312 184.87127423213454 49
