1621745980169 71.45291706355957 0
1621745983182 46.945981561836334 1
1621745986167 19.751416084358528 2
1621745989161 12.570437797135778 3
1621745992161 12.108673125779136 4
1621745996207 11.55713941452299 5
1621745999225 11.103877819194619 6
1621746002238 11.460799987590923 7
1621746005247 11.082136010040784 8
1621746008259 10.796527064142765 9
1621746011719 10.432119974896874 10
1621746014737 10.848593954294188 11
1621746017766 11.056325000894105 12
1621746020777 10.80428365154895 13
1621746023783 10.334818910158953 14
1621746027222 10.772484343900725 15
1621746030235 10.752777999852945 16
1621746033242 10.212111644374184 17
1621746036296 10.646333895213681 18
1621746039321 10.221306595945219 19
1621746042798 10.91366415844614 20
1621746045830 10.559014387246831 21
1621746048861 10.66747423710921 22
1621746051921 10.342940201918545 23
1621746054959 10.097866381242401 24
1621746058460 10.167912136085214 25
1621746061534 10.587654729071755 26
1621746064620 9.980266216243043 27
1621746067715 10.32209360196411 28
1621746070758 10.23830339375141 29
1621746074232 9.979149589625475 30
1621746077295 9.858194199797861 31
1621746080334 9.966524658317184 32
1621746083392 10.04849777430786 33
1621746086429 10.497300592225464 34
1621746089879 9.94030663493079 35
1621746092912 9.84003169641653 36
1621746095948 9.828691132766052 37
1621746098983 10.17411611169617 38
1621746102022 10.012358874572659 39
1621746105494 9.865990033953896 40
1621746108529 10.116397193346005 41
1621746111579 9.679011745131074 42
1621746114619 9.988141494110621 43
1621746117639 9.856370102105773 44
1621746121110 9.55972417926605 45
1621746124153 9.744663032406274 46
1621746127181 9.846283116832513 47
1621746130234 9.547795463068303 48
1621746133312 9.720899975680878 49
