1619253541956 5932.065398785384 0
1619253546359 2629.3236387270053 1
1619253550771 605.1589330745319 2
1619253555208 298.1796463956661 3
1619253559657 289.0103961854692 4
1619253565729 271.5438274047617 5
1619253570221 297.08211298505546 6
1619253574682 266.6671906212789 7
1619253579161 267.3467962124207 8
1619253583612 239.21297236548682 9
1619253588666 283.3823039620476 10
1619253593116 265.0077822127104 11
1619253597565 241.4638861015767 12
1619253602013 228.95817462831255 13
1619253606473 227.19294461011123 14
1619253611507 224.5899095538673 15
1619253615937 234.98524158885405 16
1619253620359 217.88753073222443 17
1619253624800 226.15340637741474 18
1619253629224 235.3163757421983 19
1619253634280 212.2961480898425 20
1619253638734 226.51313176361822 21
1619253643167 234.02690190122232 22
1619253647594 218.56943411646157 23
1619253652054 213.56582181893472 24
1619253657092 210.22048442148352 25
1619253661557 202.87090360986775 26
1619253666018 205.28708673937342 27
1619253670469 202.9052600655563 28
1619253674891 206.06753503975006 29
1619253679929 215.5013838386658 30
1619253684364 202.429489318235 31
1619253688809 205.2839125201924 32
1619253693271 200.24619924388188 33
1619253697713 192.48576095362716 34
1619253702736 198.97668486360453 35
1619253707167 205.77424277126843 36
1619253711591 196.034086051306 37
1619253716004 195.74141552715255 38
1619253720430 193.87925609632887 39
1619253725483 197.50147814182756 40
1619253729949 208.4146787847515 41
1619253734404 201.37364693744382 42
1619253738853 194.35507288289392 43
1619253743312 202.34617943015905 44
1619253748373 193.57245534257447 45
1619253752810 196.5089659621268 46
1619253757245 194.24063511401246 47
1619253761671 189.64392638734338 48
1619253766102 191.0206672232321 49
