1619253541956 71.6740352700951 0
1619253546359 47.27487603504819 1
1619253550771 20.361452214410825 2
1619253555208 13.749226995063369 3
1619253559657 13.406054681158917 4
1619253565729 12.876447002633302 5
1619253570221 13.50582262347277 6
1619253574682 12.655964256919914 7
1619253579161 12.758726664690002 8
1619253583612 11.67799662681477 9
1619253588666 13.011951164035956 10
1619253593116 12.648587215054524 11
1619253597565 11.887733433605929 12
1619253602013 11.363668355821604 13
1619253606473 11.27111089449383 14
1619253611507 11.238953636559403 15
1619253615937 11.520718939509555 16
1619253620359 10.940415671264319 17
1619253624800 11.272035184751466 18
1619253629224 11.613478794397981 19
1619253634280 10.7198752171545 20
1619253638734 11.238246459387932 21
1619253643167 11.554831368020059 22
1619253647594 10.99603839717302 23
1619253652054 10.77546232600581 24
1619253657092 10.634898162782596 25
1619253661557 10.409198111738268 26
1619253666018 10.517955138928238 27
1619253670469 10.398887226112612 28
1619253674891 10.512480815958874 29
1619253679929 10.882371374472287 30
1619253684364 10.415157912846281 31
1619253688809 10.53090040928326 32
1619253693271 10.314318096815093 33
1619253697713 9.971831937222207 34
1619253702736 10.226453260806156 35
1619253707167 10.549828271709014 36
1619253711591 10.158601836224014 37
1619253716004 10.128301440163117 38
1619253720430 10.078039653447036 39
1619253725483 10.257794073589197 40
1619253729949 10.661966941870428 41
1619253734404 10.424350797591146 42
1619253738853 10.069672857661887 43
1619253743312 10.408074493772103 44
1619253748373 10.049893986570323 45
1619253752810 10.225282428866647 46
1619253757245 10.124284967354729 47
1619253761671 9.926195665110878 48
1619253766102 9.992534677235692 49
