1619946067969 5416.964901729628 0
1619946069660 2890.527087697082 1
1619946071321 708.3991795131473 2
1619946072986 198.19314814662914 3
1619946074637 167.94991891068162 4
1619946076905 161.18694310615254 5
1619946078570 155.4885430435055 6
1619946080234 152.94345220574255 7
1619946081937 155.58868161282302 8
1619946083603 147.79992458936366 9
1619946085592 145.79296462252321 10
1619946087264 141.6893783408434 11
1619946088929 141.60303468108057 12
1619946090634 144.07154495422373 13
1619946092322 141.83989019949533 14
1619946094283 138.93179799383952 15
1619946095929 138.05354333239237 16
1619946097614 135.0507305241096 17
1619946099279 130.35164535299887 18
1619946100922 126.23838057454388 19
1619946102888 122.80824965759143 20
1619946104528 122.90940040725533 21
1619946106168 121.91762959732316 22
1619946107793 116.47973612688804 23
1619946109435 118.00828702494258 24
1619946111432 116.09890025021275 25
1619946113105 115.93112553751051 26
1619946114756 114.50356166838247 27
1619946116415 113.70377588517339 28
1619946118056 113.90305696068677 29
1619946119981 112.37871105884136 30
1619946121662 110.32832583258919 31
1619946123319 110.6043310669137 32
1619946124995 108.98960216810956 33
1619946126652 109.3216707933085 34
1619946128640 107.59652838616682 35
1619946130343 108.94176053746477 36
1619946132025 106.5754860260369 37
1619946133744 107.47800031902884 38
1619946135430 106.82637751813175 39
1619946137426 105.35239440286345 40
1619946139084 106.54993184492801 41
1619946140753 105.51704474606433 42
1619946142412 105.37804059537207 43
1619946144087 103.77070169342626 44
1619946146050 103.77137384826518 45
1619946147760 103.49470700343633 46
1619946149420 102.8071934005045 47
1619946151083 101.86847439028362 48
1619946152769 102.54307770585892 49
