1619946067969 70.54858070762491 0
1619946069660 51.04941440806639 1
1619946071321 23.105757928538758 2
1619946072986 10.879886413730079 3
1619946074637 9.49227572170182 4
1619946076905 9.232153518540773 5
1619946078570 9.018659317248309 6
1619946080234 8.88725696403915 7
1619946081937 8.995169329009132 8
1619946083603 8.714032506743175 9
1619946085592 8.64329545825868 10
1619946087264 8.485002663786977 11
1619946088929 8.491753898912012 12
1619946090634 8.558154881923608 13
1619946092322 8.465071600615243 14
1619946094283 8.38795013036623 15
1619946095929 8.3633673697748 16
1619946097614 8.244743054218027 17
1619946099279 8.113550036307299 18
1619946100922 7.9561513608574135 19
1619946102888 7.840528672023562 20
1619946104528 7.8358527076748885 21
1619946106168 7.799557870547613 22
1619946107793 7.592470912987422 23
1619946109435 7.659949735617786 24
1619946111432 7.587964135235829 25
1619946113105 7.568635391196405 26
1619946114756 7.506821403335721 27
1619946116415 7.47377749967054 28
1619946118056 7.475266291550784 29
1619946119981 7.420172387224576 30
1619946121662 7.359720124579181 31
1619946123319 7.348105788152116 32
1619946124995 7.2902208795342975 33
1619946126652 7.302692392048209 34
1619946128640 7.223613324382593 35
1619946130343 7.286859434083984 36
1619946132025 7.1901592321142225 37
1619946133744 7.234811852573852 38
1619946135430 7.189567627210663 39
1619946137426 7.145109619846635 40
1619946139084 7.186919767039964 41
1619946140753 7.152992926737151 42
1619946142412 7.162991538845495 43
1619946144087 7.073892770964083 44
1619946146050 7.079075485406543 45
1619946147760 7.080158284011189 46
1619946149420 7.04627568655254 47
1619946151083 7.010144042632624 48
1619946152769 7.037121833898965 49
