1621747934170 5681.138990594355 0
1621747937187 2581.1028786034162 1
1621747940208 552.0818192911138 2
1621747943220 256.5695042729997 3
1621747946223 241.93360057935908 4
1621747950269 229.841780777613 5
1621747953289 220.60546609625032 6
1621747956293 223.31224499236242 7
1621747959330 224.4459486167236 8
1621747962344 214.78587700102503 9
1621747965839 218.44711091454414 10
1621747968885 215.91564073587742 11
1621747971917 223.596709614149 12
1621747974967 210.014958120202 13
1621747978029 202.79743411779114 14
1621747981560 215.61081372555222 15
1621747984653 203.9873983443331 16
1621747987718 201.6848744508965 17
1621747990797 210.3801341767989 18
1621747993870 206.96915308100358 19
1621747997395 200.99241385300695 20
1621748000491 206.45182885456282 21
1621748003581 214.47451644162058 22
1621748006683 197.4491262674213 23
1621748009757 193.4798463528255 24
1621748013277 205.656426798604 25
1621748016373 194.70541824489638 26
1621748019474 218.89030943407727 27
1621748022555 195.20483292200612 28
1621748025622 199.83533016934533 29
1621748029160 200.47025378967186 30
1621748032233 188.24480401679546 31
1621748035287 187.71616087776576 32
1621748038344 192.13841693362468 33
1621748041429 189.3975518917014 34
1621748044951 188.1972735384533 35
1621748048069 189.34699490907616 36
1621748051218 188.02579590026244 37
1621748054312 195.89478470427613 38
1621748057387 195.7272611031322 39
1621748060871 186.11352512774846 40
1621748063919 188.406604554209 41
1621748066995 184.78511142085742 42
1621748070062 192.44423367960678 43
1621748073187 182.9308938633176 44
1621748076713 184.04749644451857 45
1621748079879 184.97228078732857 46
1621748082998 182.03168016163372 47
1621748086070 183.39651560951418 48
1621748089120 179.02335831658513 49
