1621747934170 71.44008093884366 0
1621747937187 46.99797133954045 1
1621747940208 19.570209369427236 2
1621747943220 12.445601964086844 3
1621747946223 11.838892026279222 4
1621747950269 11.378615813093388 5
1621747953289 11.089519828988657 6
1621747956293 11.213695608882995 7
1621747959330 11.239119724301654 8
1621747962344 10.889203311455516 9
1621747965839 10.976646084764075 10
1621747968885 10.935668021171061 11
1621747971917 11.067687393889662 12
1621747974967 10.649906131222705 13
1621747978029 10.362185837017936 14
1621747981560 10.903731385439649 15
1621747984653 10.43513138984848 16
1621747987718 10.363275380221824 17
1621747990797 10.685053375460308 18
1621747993870 10.592330484328478 19
1621747997395 10.31659849457039 20
1621748000491 10.483129505212599 21
1621748003581 10.85205808659758 22
1621748006683 10.199432926431893 23
1621748009757 10.041456679309348 24
1621748013277 10.525450652440163 25
1621748016373 10.091845678045816 26
1621748019474 11.02573115713462 27
1621748022555 10.111675654729252 28
1621748025622 10.342805200143497 29
1621748029160 10.323526082908232 30
1621748032233 9.818243771776606 31
1621748035287 9.80142921836909 32
1621748038344 10.01970164961023 33
1621748041429 9.915596372675385 34
1621748044951 9.86112124020157 35
1621748048069 9.928263969826022 36
1621748051218 9.836246956147495 37
1621748054312 10.184009214580342 38
1621748057387 10.159384753005297 39
1621748060871 9.743259423957173 40
1621748063919 9.891563626195202 41
1621748066995 9.70446129806561 42
1621748070062 10.06950980488105 43
1621748073187 9.621429067782646 44
1621748076713 9.702890405622998 45
1621748079879 9.733864958586537 46
1621748082998 9.595704909872056 47
1621748086070 9.677477687586666 48
1621748089120 9.457691514976611 49
