1618500687767 4249.585595640927 0
1618500730083 532.9173597216034 1
1618500774070 277.54848103537364 2
1618500816576 257.3698883905723 3
1618500860646 247.96715112278733 4
1618500909044 248.27706925489088 5
1618500952329 227.23981980566577 6
1618500995807 235.2835729535263 7
1618501038627 211.4643145096479 8
1618501080641 210.2736482881924 9
1618501126762 203.6768543094965 10
1618501168220 194.25076381001855 11
1618501209117 199.71501366633683 12
1618501251643 187.0122294525843 13
1618501293229 190.29706388010734 14
1618501338797 190.23935268644803 15
1618501381601 180.06209414874206 16
1618501425585 183.42336768036074 17
1618501467054 179.80759607004092 18
1618501509148 173.9936126020073 19
1618501555271 169.52891067262433 20
1618501598984 175.10260678246465 21
1618501639508 168.7759340337788 22
1618501680269 164.64342199875912 23
1618501720928 165.85889714887495 24
1618501766688 171.3492863835365 25
1618501808500 163.26264650939444 26
1618501851801 166.0933911846305 27
1618501894328 162.02296864856604 28
1618501937091 165.7324352408171 29
1618501984892 163.04950905227986 30
1618502026442 162.60513822844518 31
1618502069189 158.114378708711 32
1618502110850 161.83442229206003 33
1618502152250 159.6576855464541 34
1618502200736 159.8447536163764 35
1618502243305 154.5502226025266 36
1618502287303 158.19376781135645 37
1618502329767 161.4756458412281 38
1618502372605 156.0729554707893 39
1618502422072 154.94158628430333 40
1618502465641 158.4088060702531 41
1618502507896 153.84720923065748 42
1618502551181 149.90678565874438 43
1618502593792 152.50967244775578 44
1618502641102 152.76617801378836 45
1618502683986 150.65728240319973 46
1618502725825 150.48478479605777 47
1618502768265 149.58656944865825 48
1618502810381 148.75148896339567 49
