1618500687767 59.80769904856286 0
1618500730083 18.629895506769124 1
1618500774070 12.87588354487891 2
1618500816576 12.144174361105408 3
1618500860646 11.92368116911379 4
1618500909044 11.962948859407572 5
1618500952329 11.274178351540852 6
1618500995807 11.629218166808485 7
1618501038627 10.836293995654987 8
1618501080641 10.864402307718134 9
1618501126762 10.676740624541539 10
1618501168220 10.3996829332406 11
1618501209117 10.617736512824509 12
1618501251643 10.169021552254186 13
1618501293229 10.279142686703741 14
1618501338797 10.310464740487964 15
1618501381601 9.94101398516902 16
1618501425585 10.04087068929286 17
1618501467054 9.912813586351877 18
1618501509148 9.724117993237527 19
1618501555271 9.596761767300281 20
1618501598984 9.831266692394172 21
1618501639508 9.542606955406404 22
1618501680269 9.38834291739763 23
1618501720928 9.47460194887928 24
1618501766688 9.697766766545097 25
1618501808500 9.34575283271284 26
1618501851801 9.476237060327005 27
1618501894328 9.304806039111643 28
1618501937091 9.500526272170845 29
1618501984892 9.353576553098405 30
1618502026442 9.327367832673668 31
1618502069189 9.144837492057658 32
1618502110850 9.329274129479822 33
1618502152250 9.255637106801505 34
1618502200736 9.280032500006266 35
1618502243305 9.011801204301793 36
1618502287303 9.140517704437364 37
1618502329767 9.34243009782107 38
1618502372605 9.10933001110761 39
1618502422072 9.073932626057855 40
1618502465641 9.198951674919327 41
1618502507896 9.002411068243347 42
1618502551181 8.824115417623615 43
1618502593792 8.961715272230332 44
1618502641102 8.968379747672234 45
1618502683986 8.871302265078784 46
1618502725825 8.865061218676834 47
1618502768265 8.831149990309658 48
1618502810381 8.826058043136221 49
