1621600850408 5538.352470556001 0
1621600854958 2788.3066326234557 1
1621600859546 703.3194118755905 2
1621600864150 282.97232120653223 3
1621600868792 253.30872756308116 4
1621600874653 235.0821940203056 5
1621600879333 226.96620268406627 6
1621600884025 219.93831379380197 7
1621600888751 215.3516163486438 8
1621600893479 209.7423332785696 9
1621600898841 205.13820554933108 10
1621600903531 200.39853253908802 11
1621600908182 192.95578851778473 12
1621600912853 187.15484922311344 13
1621600917515 185.49814261059882 14
1621600922780 182.3884061466323 15
1621600927411 178.59941419414434 16
1621600932030 173.40760666828714 17
1621600936668 171.5175642025296 18
1621600941306 168.98690346732275 19
1621600946570 178.43661274842245 20
1621600951201 173.8770573474791 21
1621600955832 170.4933854595485 22
1621600960486 164.5356701668223 23
1621600965146 168.5677465822154 24
1621600970416 179.74819914883236 25
1621600975090 166.709937941537 26
1621600979737 165.95161739595284 27
1621600984407 163.98592954165537 28
1621600989072 164.62597069696133 29
1621600994377 162.59218597580173 30
1621600999041 169.64802498044767 31
1621601003676 162.88615213890625 32
1621601008312 165.52485553635393 33
1621601012962 152.53230770849208 34
1621601018224 164.6621302029526 35
1621601022857 154.67097306265455 36
1621601027511 153.0431403778009 37
1621601032159 159.69345731163725 38
1621601036798 155.70639104061556 39
1621601042093 157.7273218168955 40
1621601046762 150.3123214839616 41
1621601051443 158.63656924007037 42
1621601056099 150.64484982652618 43
1621601060767 163.38812798570765 44
1621601066071 163.6721201368722 45
1621601070704 151.9309273143524 46
1621601075354 152.91321131777326 47
1621601080022 151.995543356238 48
1621601084674 152.26630113281288 49
