1621600850408 70.23166326192236 0
1621600854958 49.13390740094098 1
1621600859546 22.338515871952243 2
1621600864150 13.182898809358798 3
1621600868792 12.091222184377381 4
1621600874653 11.50296446705998 5
1621600879333 11.312663569334699 6
1621600884025 11.077978999057711 7
1621600888751 10.993770570767152 8
1621600893479 10.816014497148663 9
1621600898841 10.654739567656481 10
1621600903531 10.58783310344368 11
1621600908182 10.289043056638453 12
1621600912853 10.105842170741273 13
1621600917515 10.20747583746434 14
1621600922780 10.015218365322685 15
1621600927411 9.903490330560496 16
1621600932030 9.733256648321664 17
1621600936668 9.700705863279728 18
1621600941306 9.590889883356956 19
1621600946570 10.03827465118862 20
1621600951201 9.78046542311604 21
1621600955832 9.666031790250512 22
1621600960486 9.387186684696921 23
1621600965146 9.614855726573277 24
1621600970416 10.047651242365415 25
1621600975090 9.479254391840271 26
1621600979737 9.490008050568735 27
1621600984407 9.381454294412983 28
1621600989072 9.455406051975375 29
1621600994377 9.319978093033662 30
1621600999041 9.67832332967158 31
1621601003676 9.380295725154937 32
1621601008312 9.485924442263968 33
1621601012962 8.917651050368985 34
1621601018224 9.497950612387212 35
1621601022857 9.000213850561922 36
1621601027511 8.949328410626714 37
1621601032159 9.213260003912582 38
1621601036798 9.073967076077695 39
1621601042093 9.194199786363551 40
1621601046762 8.859140066678496 41
1621601051443 9.246004345478426 42
1621601056099 8.850415382953745 43
1621601060767 9.330830169250854 44
1621601066071 9.466749486207032 45
1621601070704 8.92383129707618 46
1621601075354 8.958140466824531 47
1621601080022 8.907451535295145 48
1621601084674 8.962623399704045 49
