1621519893808 5579.254996517669 0
1621519896212 2725.686472912262 1
1621519898622 677.0252312993978 2
1621519901012 284.91357482436075 3
1621519903388 254.10697186121638 4
1621519906496 244.48675216737792 5
1621519908922 239.6819607586648 6
1621519911314 237.63843645581252 7
1621519913702 228.48092124000664 8
1621519916147 227.58073622072612 9
1621519918957 221.71343765370588 10
1621519921379 220.09086254887956 11
1621519923786 218.30896384085045 12
1621519926191 212.5905039373045 13
1621519928583 211.65743399572003 14
1621519931371 213.92482859377895 15
1621519933782 210.11648384931118 16
1621519936198 207.5111176588452 17
1621519938632 202.20080763142053 18
1621519941056 199.0459296226529 19
1621519943886 195.20297906286677 20
1621519946311 193.3491116302055 21
1621519948719 185.81694965088715 22
1621519951125 186.0938487338396 23
1621519953566 182.34918995946467 24
1621519956397 178.0387805662842 25
1621519958821 180.93405630287776 26
1621519961243 180.05180072902252 27
1621519963668 176.24510279649968 28
1621519966083 173.3874186863543 29
1621519968909 171.53611873891919 30
1621519971324 172.28616388731598 31
1621519973761 168.48669128961615 32
1621519976204 171.13597473515145 33
1621519978636 166.1095495569167 34
1621519981459 165.93053247953944 35
1621519983903 166.45328982607927 36
1621519986325 164.48465587988883 37
1621519988767 160.16436021890686 38
1621519991192 163.74534792840305 39
1621519994039 161.8087479951362 40
1621519996458 160.63341651807846 41
1621519998881 161.6371437048129 42
1621520001300 161.48354620885627 43
1621520003733 162.51082349746295 44
1621520006554 158.11338271537196 45
1621520008981 158.01595792017665 46
1621520011423 157.11990081275323 47
1621520013862 158.538044290071 48
1621520016304 162.88688478043207 49
