1621519893808 70.10484912502321 0
1621519896212 48.48887702960235 1
1621519898622 21.977571082970787 2
1621519901012 13.130454306832606 3
1621519903388 12.017421582161857 4
1621519906496 11.721293987138953 5
1621519908922 11.579298484988868 6
1621519911314 11.56403766144369 7
1621519913702 11.263311104466162 8
1621519916147 11.243989657034044 9
1621519918957 11.020478201100175 10
1621519921379 10.956193158816792 11
1621519923786 10.924378454551057 12
1621519926191 10.735261082819349 13
1621519928583 10.739664197677094 14
1621519931371 10.863896434693071 15
1621519933782 10.686360643619954 16
1621519936198 10.63843278676362 17
1621519938632 10.45215958813036 18
1621519941056 10.400878025445532 19
1621519943886 10.32348546570697 20
1621519946311 10.252827772185496 21
1621519948719 9.962928396388783 22
1621519951125 10.023573625780884 23
1621519953566 9.92166149238671 24
1621519956397 9.768240554865397 25
1621519958821 9.927600206082346 26
1621519961243 9.902371080969992 27
1621519963668 9.760812678473512 28
1621519966083 9.633745247380288 29
1621519968909 9.579796019914916 30
1621519971324 9.640776947699143 31
1621519973761 9.491655693529525 32
1621519976204 9.611609745470453 33
1621519978636 9.396954499318026 34
1621519981459 9.44371146187391 35
1621519983903 9.439526907200753 36
1621519986325 9.344456189825793 37
1621519988767 9.165025357488272 38
1621519991192 9.310087540918051 39
1621519994039 9.259212928375417 40
1621519996458 9.218697727146118 41
1621519998881 9.254349185383955 42
1621520001300 9.233779755842148 43
1621520003733 9.298999858296881 44
1621520006554 9.1075947485666 45
1621520008981 9.071601268760164 46
1621520011423 9.041439377624823 47
1621520013862 9.129174252568244 48
1621520016304 9.34199574631431 49
