1618577584975 4252.24976470854 0
1618577625487 523.3703484892944 1
1618577666616 282.28252084576434 2
1618577708257 274.04532572908704 3
1618577753014 253.3008161557715 4
1618577803613 245.90145661796626 5
1618577848399 230.6850170379518 6
1618577893551 229.29974023233837 7
1618577940235 240.15382190520245 8
1618577986699 212.2092064836119 9
1618578038029 204.73333617416986 10
1618578083985 199.35600494976055 11
1618578130330 195.11914760866793 12
1618578177331 191.75496683163564 13
1618578225350 187.93977300408613 14
1618578271830 183.93282818569787 15
1618578312039 184.48858513330507 16
1618578353041 171.24663583152093 17
1618578393685 187.36796413452723 18
1618578434660 180.55586320525404 19
1618578478556 169.35772620666745 20
1618578519609 171.2869145900419 21
1618578559901 171.4352330756961 22
1618578601066 169.41787647269564 23
1618578641227 164.46775243256994 24
1618578686688 169.0291615359084 25
1618578727739 167.72645250346685 26
1618578768930 162.95431238284354 27
1618578809389 163.2702834663143 28
1618578849663 162.78725631320307 29
1618578896755 160.75141772463394 30
1618578940250 162.19608170030477 31
1618578983321 162.3540555915599 32
1618579026092 160.17263508545412 33
1618579069413 163.26189856757537 34
1618579117339 157.5141049408901 35
1618579160278 157.89178978336267 36
1618579200590 159.9586240125026 37
1618579240470 156.61338008803855 38
1618579279658 155.82054372309722 39
1618579324490 151.62438093708374 40
1618579366520 154.19411849591964 41
1618579409058 158.0280435992539 42
1618579452571 153.95875947771438 43
1618579495463 150.38595734444897 44
1618579542174 160.00862633574462 45
1618579585270 152.64597188773467 46
1618579628368 150.1522694676936 47
1618579671397 146.60010120135257 48
1618579714209 150.96551716720992 49
