1618577584975 59.909094470734054 0
1618577625487 18.404821757930666 1
1618577666616 12.998935062778807 2
1618577708257 12.72758229507195 3
1618577753014 12.019795833457982 4
1618577803613 11.918067450601516 5
1618577848399 11.41683218975604 6
1618577893551 11.408623359394031 7
1618577940235 11.803793320863754 8
1618577986699 10.896985361543678 9
1618578038029 10.699947196449392 10
1618578083985 10.506962275585215 11
1618578130330 10.448270934865102 12
1618578177331 10.378702737621696 13
1618578225350 10.26594845730806 14
1618578271830 10.0688947339258 15
1618578312039 10.115145184278997 16
1618578353041 9.603082654732164 17
1618578393685 10.239876689167941 18
1618578434660 10.01729762667771 19
1618578478556 9.578805045077916 20
1618578519609 9.645073211620891 21
1618578559901 9.637925734567775 22
1618578601066 9.60947774634863 23
1618578641227 9.412256762780265 24
1618578686688 9.634948114801652 25
1618578727739 9.574827349324892 26
1618578768930 9.339368391730703 27
1618578809389 9.373275461748674 28
1618578849663 9.347449401592925 29
1618578896755 9.257398831062359 30
1618578940250 9.324448111363015 31
1618578983321 9.363325591156347 32
1618579026092 9.254771320865364 33
1618579069413 9.410713557163252 34
1618579117339 9.181060629227757 35
1618579160278 9.157708840874777 36
1618579200590 9.27820312021094 37
1618579240470 9.138040571200621 38
1618579279658 9.106470480063033 39
1618579324490 8.923123507529791 40
1618579366520 9.053459732345097 41
1618579409058 9.214187106345792 42
1618579452571 9.039346630132496 43
1618579495463 8.870017601828508 44
1618579542174 9.302125076570299 45
1618579585270 9.00463465147432 46
1618579628368 8.851306053230527 47
1618579671397 8.721122184013796 48
1618579714209 8.946362921653431 49
