1618498543605 4243.842912974655 0
1618498586043 525.023552041098 1
1618498629106 281.173297377782 2
1618498670814 265.6183398895332 3
1618498711878 247.48097331624527 4
1618498759549 247.65110654895145 5
1618498802318 239.29677090904832 6
1618498844691 233.85653840615126 7
1618498887142 226.73248093505273 8
1618498930830 206.00284682142146 9
1618498980555 205.38717807212575 10
1618499024711 193.46210783908117 11
1618499067479 188.7918988768285 12
1618499109390 188.14272887545246 13
1618499149835 200.6148153261339 14
1618499194727 188.21032336585486 15
1618499235016 177.21554055643995 16
1618499275217 171.11427665058878 17
1618499315357 176.93235029263016 18
1618499355674 175.21810028374009 19
1618499400241 173.7457666879088 20
1618499440331 171.21203614172714 21
1618499480403 168.5829366254724 22
1618499520476 169.04588611148026 23
1618499560573 163.44147424134957 24
1618499605077 170.74908595000153 25
1618499645103 169.821663555135 26
1618499685123 166.4652657494647 27
1618499725096 165.09188796051973 28
1618499765131 164.25087732023383 29
1618499809554 159.5123928362461 30
1618499849567 165.43631964671283 31
1618499889539 160.2409834850749 32
1618499929477 161.93015630496092 33
1618499969503 157.34970476146657 34
1618500013905 156.69854260184226 35
1618500053842 156.26721884891916 36
1618500093806 156.83536753524916 37
1618500133715 157.87267824571154 38
1618500173614 154.58060896640626 39
1618500217977 155.5486643775918 40
1618500257868 154.66146064797246 41
1618500297763 151.66766070275582 42
1618500337849 153.7445704230181 43
1618500377754 147.87701226323847 44
1618500422742 148.86426030845215 45
1618500465769 148.921541832771 46
1618500509726 145.2321841124322 47
1618500551911 146.39561608485474 48
1618500594696 144.52986292074502 49
