1618498543605 59.78796352371824 0
1618498586043 18.501524125965336 1
1618498629106 12.997537313050774 2
1618498670814 12.461580684059872 3
1618498711878 11.903169907654108 4
1618498759549 11.936312039650572 5
1618498802318 11.769150075607314 6
1618498844691 11.561976224128378 7
1618498887142 11.409413004175887 8
1618498930830 10.751197411599765 9
1618498980555 10.769532787720028 10
1618499024711 10.369906857251388 11
1618499067479 10.178550775109276 12
1618499109390 10.229703248904098 13
1618499149835 10.644688322583121 14
1618499194727 10.287170628692722 15
1618499235016 9.87296365751488 16
1618499275217 9.606503277175873 17
1618499315357 9.874086462629682 18
1618499355674 9.831899293775553 19
1618499400241 9.768169622863983 20
1618499440331 9.641551340670198 21
1618499480403 9.54773602530093 22
1618499520476 9.588508304065051 23
1618499560573 9.375966131324665 24
1618499605077 9.665123679235997 25
1618499645103 9.633580316846329 26
1618499685123 9.52777825992424 27
1618499725096 9.438872144717566 28
1618499765131 9.38382342215867 29
1618499809554 9.215309760989564 30
1618499849567 9.45555514081629 31
1618499889539 9.263970254722574 32
1618499929477 9.327526268273687 33
1618499969503 9.162521083393472 34
1618500013905 9.141019949506706 35
1618500053842 9.091994865089685 36
1618500093806 9.092301001002882 37
1618500133715 9.203179437840996 38
1618500173614 9.033477192179152 39
1618500217977 9.09073700382253 40
1618500257868 9.055799947384747 41
1618500297763 8.914819231148503 42
1618500337849 9.034179783743367 43
1618500377754 8.77604399601435 44
1618500422742 8.828118888313234 45
1618500465769 8.835672121983919 46
1618500509726 8.674377133988292 47
1618500551911 8.720750742093525 48
1618500594696 8.661783732445949 49
