1621750670398 5386.988893882328 0
1621750676144 2924.3683356919973 1
1621750681878 844.5187280301029 2
1621750687629 290.22660027248793 3
1621750693380 245.3285683994061 4
1621750700626 232.54753857269233 5
1621750706406 222.48208550165103 6
1621750712155 218.4569909654426 7
1621750717909 218.42170784090402 8
1621750723683 216.39575923651273 9
1621750730254 204.07839691672814 10
1621750736024 207.05135349366788 11
1621750741800 201.96469231957886 12
1621750747588 205.60982802146438 13
1621750753399 198.63582352362027 14
1621750760020 192.24465115193993 15
1621750765822 196.4821134805803 16
1621750771663 189.13782684634367 17
1621750777467 192.2271044010708 18
1621750783284 186.9946190604818 19
1621750789908 184.65032451286243 20
1621750795729 186.90304869289156 21
1621750801536 181.46955907306008 22
1621750807365 176.20997192808082 23
1621750813206 174.77908491601326 24
1621750819834 175.17226710180194 25
1621750825667 182.38042056718479 26
1621750831505 172.72310929582883 27
1621750837364 169.83268026540952 28
1621750843227 164.42169834193365 29
1621750849879 161.76132127188208 30
1621750855729 161.51092408771964 31
1621750861573 161.81439611440751 32
1621750867416 156.73356195395286 33
1621750873272 153.68852652670438 34
1621750879921 149.8632148755491 35
1621750885764 154.38890289109827 36
1621750891638 146.16471801470502 37
1621750897487 145.46157187174364 38
1621750903346 143.65679673646437 39
1621750910010 141.29937094211073 40
1621750915862 143.38298438753915 41
1621750921730 138.64657238128336 42
1621750927595 148.62131477177022 43
1621750933448 135.40854975166792 44
1621750940129 133.19594565921685 45
1621750946011 129.53061387749676 46
1621750951843 139.08943972923683 47
1621750957725 139.74004468590942 48
1621750963582 128.27694499796954 49
