1621750670398 68.66541407153446 0
1621750676144 50.387552391678604 1
1621750681878 24.767253046194174 2
1621750687629 13.538691569696683 3
1621750693380 12.03780980510936 4
1621750700626 11.627663307137732 5
1621750706406 11.33035886735376 6
1621750712155 11.21146085438654 7
1621750717909 11.187609854389809 8
1621750723683 11.164825330821705 9
1621750730254 10.72648752124045 10
1621750736024 10.812845693758769 11
1621750741800 10.697855093106224 12
1621750747588 10.8507759092142 13
1621750753399 10.557541674245382 14
1621750760020 10.348610483017714 15
1621750765822 10.542207812723046 16
1621750771663 10.28305839612696 17
1621750777467 10.381327279147065 18
1621750783284 10.219049351491687 19
1621750789908 10.111830411990551 20
1621750795729 10.232419107736666 21
1621750801536 10.075093579599326 22
1621750807365 9.840731746585856 23
1621750813206 9.80637112331863 24
1621750819834 9.898578901781148 25
1621750825667 10.160155175650473 26
1621750831505 9.817813239459403 27
1621750837364 9.715939011579824 28
1621750843227 9.534008179765411 29
1621750849879 9.420414234842712 30
1621750855729 9.42875439801853 31
1621750861573 9.44639675547457 32
1621750867416 9.294242778317921 33
1621750873272 9.173870222177385 34
1621750879921 9.012097987690023 35
1621750885764 9.221842038137773 36
1621750891638 8.894482696639521 37
1621750897487 8.87436875366916 38
1621750903346 8.836895070027438 39
1621750910010 8.710682808619914 40
1621750915862 8.846072979490343 41
1621750921730 8.649860062178044 42
1621750927595 9.083834630857693 43
1621750933448 8.484829934666816 44
1621750940129 8.442069279970307 45
1621750946011 8.289076740584557 46
1621750951843 8.707489959494985 47
1621750957725 8.778970793494318 48
1621750963582 8.293500456586425 49
