1619946990820 5417.039796102699 0
1619946992473 2889.8060643185813 1
1619946994123 709.5880928855386 2
1619946995778 197.7002083929026 3
1619946997394 166.43444149424593 4
1619946999584 161.02358539440746 5
1619947001235 155.05085578936945 6
1619947002887 152.79866300663758 7
1619947004579 154.32980895178287 8
1619947006236 148.34223288462005 9
1619947008176 147.90791193686832 10
1619947009824 141.88591618410987 11
1619947011474 141.4837235629229 12
1619947013163 144.26965253670133 13
1619947014833 141.91842357344933 14
1619947016875 138.5979829355574 15
1619947018545 138.8070331082487 16
1619947020250 137.1132967813431 17
1619947021963 132.83810060561402 18
1619947023651 129.1972707646534 19
1619947025631 124.44987991199581 20
1619947027273 123.48846498862717 21
1619947028916 122.69432417025263 22
1619947030570 118.27049415235373 23
1619947032213 118.08322579801934 24
1619947034230 116.60873008609872 25
1619947035894 115.90711710033356 26
1619947037535 115.0964763008674 27
1619947039176 113.67161939770968 28
1619947040839 114.62447514784127 29
1619947042795 112.42239560711103 30
1619947044476 111.14689028486072 31
1619947046161 111.43922668592066 32
1619947047857 110.59417499054452 33
1619947049575 109.93172489812973 34
1619947051537 108.09853173776449 35
1619947053189 109.09860637746013 36
1619947054851 107.08036293273622 37
1619947056522 108.23067382778302 38
1619947058177 106.52325944211546 39
1619947060147 106.01758345207999 40
1619947061817 107.14579620048585 41
1619947063474 104.36127905737817 42
1619947065143 106.69468320242316 43
1619947066832 104.39353965048079 44
1619947068775 104.5409348000079 45
1619947070434 103.4313623869126 46
1619947072063 103.59812149202908 47
1619947073732 102.9574107919729 48
1619947075395 102.74865475793884 49
