1619946990820 70.5475981497029 0
1619946992473 51.04365067940925 1
1619946994123 23.099572848710125 2
1619946995778 10.887416096542719 3
1619946997394 9.464788668670202 4
1619946999584 9.215153323976196 5
1619947001235 9.002677135193697 6
1619947002887 8.890617181845343 7
1619947004579 8.942212645037134 8
1619947006236 8.725371477646407 9
1619947008176 8.715110838142078 10
1619947009824 8.490769878651639 11
1619947011474 8.48735973917219 12
1619947013163 8.58385685688542 13
1619947014833 8.480253839801978 14
1619947016875 8.36975783891922 15
1619947018545 8.383178955770324 16
1619947020250 8.303628127192738 17
1619947021963 8.171100265331651 18
1619947023651 8.07411791128772 19
1619947025631 7.90557996525989 20
1619947027273 7.871490269131269 21
1619947028916 7.841642404997567 22
1619947030570 7.651959273583863 23
1619947032213 7.654921491744058 24
1619947034230 7.594300891095532 25
1619947035894 7.556704968975284 26
1619947037535 7.525221655916402 27
1619947039176 7.474978587685662 28
1619947040839 7.50461101099038 29
1619947042795 7.424208445304727 30
1619947044476 7.3932574519701335 31
1619947046161 7.3776647910661115 32
1619947047857 7.35008615537763 33
1619947049575 7.330519653931038 34
1619947051537 7.237959416749677 35
1619947053189 7.286443712163052 36
1619947054851 7.213626523432605 37
1619947056522 7.269751664648233 38
1619947058177 7.193558562907221 39
1619947060147 7.162295392769128 40
1619947061817 7.221808037845239 41
1619947063474 7.115643035035278 42
1619947065143 7.208534205260487 43
1619947066832 7.101006783542235 44
1619947068775 7.091945878156277 45
1619947070434 7.085959868111361 46
1619947072063 7.071573624563086 47
1619947073732 7.050928274472284 48
1619947075395 7.045247629603544 49
