1621519435605 5570.166766834837 0
1621519437945 2723.6729766456674 1
1621519440281 673.7653531307628 2
1621519442606 281.3939360183921 3
1621519444938 255.15337775798048 4
1621519448018 246.57596896208534 5
1621519450381 242.47035035090443 6
1621519452731 231.5175168503177 7
1621519455077 230.44514218878862 8
1621519457418 223.38063059560932 9
1621519460192 224.01373785967945 10
1621519462560 218.8492550043076 11
1621519464903 216.00461893311564 12
1621519467270 213.8498214331628 13
1621519469619 212.92506968969016 14
1621519472365 211.35685822824217 15
1621519474705 209.35548831835828 16
1621519477056 205.24491768786822 17
1621519479392 206.31211201411244 18
1621519481744 199.12385203665696 19
1621519484500 190.9540787166244 20
1621519486883 189.29272166535276 21
1621519489246 185.30173711826694 22
1621519491615 184.32321711457277 23
1621519493968 180.00388418583574 24
1621519496687 175.08784846329877 25
1621519499047 176.78118616009445 26
1621519501386 174.73478414602 27
1621519503741 175.1176352421588 28
1621519506111 173.04053671288705 29
1621519508855 167.20949599988384 30
1621519511206 170.7902171922862 31
1621519513561 166.57122731139611 32
1621519515915 170.58682511386255 33
1621519518279 165.93673632150887 34
1621519521044 164.35268753840484 35
1621519523408 168.70503119601412 36
1621519525784 163.73128637388064 37
1621519528158 162.1576084797121 38
1621519530522 163.6047187617603 39
1621519533291 162.60124364010528 40
1621519535671 160.69546118108764 41
1621519538045 161.22623831280606 42
1621519540424 161.92474479166356 43
1621519542786 160.3025201955921 44
1621519545590 158.00371168688483 45
1621519547963 160.26791765442985 46
1621519550334 157.6591272163868 47
1621519552720 158.3405896307843 48
1621519555091 163.36393713314254 49
