1621519435605 70.10932183292402 0
1621519437945 48.547046929364086 1
1621519440281 21.96648767293587 2
1621519442606 13.021908690105517 3
1621519444938 12.028038433587287 4
1621519448018 11.785145097625074 5
1621519450381 11.666173925738738 6
1621519452731 11.280012124946444 7
1621519455077 11.327000920914196 8
1621519457418 11.070256361728589 9
1621519460192 11.116138535451245 10
1621519462560 10.90822177595447 11
1621519464903 10.803625366249372 12
1621519467270 10.766337060835637 13
1621519469619 10.772729965963906 14
1621519472365 10.708695874366388 15
1621519474705 10.64739007371017 16
1621519477056 10.55122480675514 17
1621519479392 10.633814269091971 18
1621519481744 10.406800657017815 19
1621519484500 10.1500438441891 20
1621519486883 10.130118201207818 21
1621519489246 9.995954467451268 22
1621519491615 9.97918263434898 23
1621519493968 9.862590511924965 24
1621519496687 9.664112872784926 25
1621519499047 9.778195261986088 26
1621519501386 9.703450844686131 27
1621519503741 9.742145488139577 28
1621519506111 9.634290406551665 29
1621519508855 9.429922111828285 30
1621519511206 9.593109980298205 31
1621519513561 9.42064503877817 32
1621519515915 9.615731112404015 33
1621519518279 9.432088990799752 34
1621519521044 9.344398680892454 35
1621519523408 9.561299298689214 36
1621519525784 9.307816612499108 37
1621519528158 9.271520303168904 38
1621519530522 9.326145637954578 39
1621519533291 9.290976995486098 40
1621519535671 9.222270757424885 41
1621519538045 9.230351413816281 42
1621519540424 9.232644750343711 43
1621519542786 9.229396066215259 44
1621519545590 9.089546236412934 45
1621519547963 9.208809582219898 46
1621519550334 9.088430333875756 47
1621519552720 9.111191642250027 48
1621519555091 9.362775220192418 49
