1621746380088 5711.828789204323 0
1621746383093 2563.6930591569403 1
1621746386101 544.9588080521809 2
1621746389115 245.1983393388532 3
1621746392143 230.30924726219934 4
1621746396196 220.87750957274747 5
1621746399257 219.30758408677954 6
1621746402324 215.72746185174555 7
1621746405402 221.07129219529332 8
1621746408466 206.61569822176568 9
1621746411974 203.955568059548 10
1621746415059 209.80261743621165 11
1621746418157 201.9928607703053 12
1621746421213 204.47455219826324 13
1621746424293 207.81428838830203 14
1621746427800 207.75964014272364 15
1621746430869 200.9418335265092 16
1621746433948 195.57319905727863 17
1621746437011 216.14347227895914 18
1621746440041 206.49353606323928 19
1621746443512 195.05427451876125 20
1621746446535 206.65514857548195 21
1621746449575 203.0179173291735 22
1621746452622 193.9246863648078 23
1621746455671 200.14639203472223 24
1621746459139 193.969397976584 25
1621746462172 193.81635604275073 26
1621746465207 192.56074000453833 27
1621746468263 195.5678807387125 28
1621746471310 193.1672151339744 29
1621746474790 196.83576717554584 30
1621746477833 189.27288530715938 31
1621746480891 188.4987140785055 32
1621746483919 194.85792243540936 33
1621746486953 190.8536889138761 34
1621746490460 184.91933080684487 35
1621746493527 188.20199565734015 36
1621746496601 188.73938009572078 37
1621746499680 185.39735725007975 38
1621746502732 184.08112136363948 39
1621746506210 190.1821105385655 40
1621746509244 187.6884124738479 41
1621746512294 199.85128425277153 42
1621746515349 185.6271143519701 43
1621746518390 180.58170721988674 44
1621746521887 180.7873024600014 45
1621746524971 220.56652425550232 46
1621746528018 197.26675201696273 47
1621746531078 189.39449203577027 48
1621746534109 186.6726403553104 49
