1621746380088 71.45549925323941 0
1621746383093 46.920196119878625 1
1621746386101 19.433708825297753 2
1621746389115 12.027850861276793 3
1621746392143 11.369804860960507 4
1621746396196 10.995585529509071 5
1621746399257 11.001766042776563 6
1621746402324 10.875018005278761 7
1621746405402 11.062321646540939 8
1621746408466 10.484906841225664 9
1621746411974 10.418607925582867 10
1621746415059 10.68484174394774 11
1621746418157 10.367850271129791 12
1621746421213 10.467470830264377 13
1621746424293 10.574894586406824 14
1621746427800 10.599298655863732 15
1621746430869 10.30665265228126 16
1621746433948 10.123125090143846 17
1621746437011 10.979618170681123 18
1621746440041 10.551645357413436 19
1621746443512 10.104959802321373 20
1621746446535 10.534230256272421 21
1621746449575 10.391684219456486 22
1621746452622 10.048088888430533 23
1621746455671 10.367958726310608 24
1621746459139 10.078214765554002 25
1621746462172 10.069911724801266 26
1621746465207 10.033634426059642 27
1621746468263 10.155626036836184 28
1621746471310 10.076213459667468 29
1621746474790 10.172653600839803 30
1621746477833 9.899885244892952 31
1621746480891 9.862709402045109 32
1621746483919 10.10499895762114 33
1621746486953 9.990207906888543 34
1621746490460 9.70057095359074 35
1621746493527 9.900905376194533 36
1621746496601 9.88850296839553 37
1621746499680 9.703803005070503 38
1621746502732 9.690190249866902 39
1621746506210 9.981676877482705 40
1621746509244 9.859440090325817 41
1621746512294 10.338582052661405 42
1621746515349 9.801856152840065 43
1621746518390 9.554239244149437 44
1621746521887 9.554667095836901 45
1621746524971 11.005981606758896 46
1621746528018 10.37800394292997 47
1621746531078 9.97605427136207 48
1621746534109 9.822150519218887 49
