1619255999231 5823.6945557820245 0
1619256007828 3097.0585149636036 1
1619256016447 859.9868596458668 2
1619256025074 315.7099645921671 3
1619256033679 274.6284039620404 4
1619256044603 247.68043085803134 5
1619256053278 245.1763422730487 6
1619256061974 233.13018801675918 7
1619256070675 240.7493091312158 8
1619256079382 226.00709128766943 9
1619256089309 228.44213443562532 10
1619256098063 246.7265008063708 11
1619256106839 229.81161613124993 12
1619256115596 218.44607190819033 13
1619256124429 209.03671952959903 14
1619256134431 205.47819252647793 15
1619256143257 200.67033997651535 16
1619256152106 206.32072793693075 17
1619256160962 205.15725895139428 18
1619256169831 200.31321160672618 19
1619256179939 196.10722272222006 20
1619256188841 197.43872347624213 21
1619256197731 185.93738691447308 22
1619256206640 190.64184197093462 23
1619256215539 189.60568397730336 24
1619256225827 187.31928962321643 25
1619256234858 186.57891042467406 26
1619256243838 179.18716886342517 27
1619256252782 179.58128647060374 28
1619256261735 171.22374039419313 29
1619256271901 166.4092819039519 30
1619256280845 173.43681608679097 31
1619256289759 163.64990699783414 32
1619256298701 160.46816915346716 33
1619256307664 168.63798439034264 34
1619256317793 176.473689688297 35
1619256326750 162.39170705865968 36
1619256335698 163.4926956882694 37
1619256344625 162.15112491660904 38
1619256353570 159.91998090024754 39
1619256363714 152.27655517914798 40
1619256372640 163.52625164527737 41
1619256381571 149.99819057018365 42
1619256390508 148.40591479614451 43
1619256399438 143.49721862110763 44
1619256409592 149.15505720619154 45
1619256418537 142.2030345101251 46
1619256427517 140.56530540381982 47
1619256436475 139.0399474869833 48
1619256445485 141.88520485966768 49
