1619255999231 68.98575873592776 0
1619256007828 49.89852107764947 1
1619256016447 24.46952156059142 2
1619256025074 14.152266936134778 3
1619256033679 12.981933679717738 4
1619256044603 12.067502155971999 5
1619256053278 12.017507671995926 6
1619256061974 11.632034941027918 7
1619256070675 11.925875017703936 8
1619256079382 11.435982124537926 9
1619256089309 11.468522341864489 10
1619256098063 12.133203166099184 11
1619256106839 11.640031360925793 12
1619256115596 11.246585660840749 13
1619256124429 10.930636781260155 14
1619256134431 10.762514332591989 15
1619256143257 10.65247326094189 16
1619256152106 10.893717741067908 17
1619256160962 10.875594773959103 18
1619256169831 10.645405308519932 19
1619256179939 10.566616006140078 20
1619256188841 10.580826254784684 21
1619256197731 10.149354254327049 22
1619256206640 10.377948606651792 23
1619256215539 10.37235224323365 24
1619256225827 10.261385272203476 25
1619256234858 10.262396232043017 26
1619256243838 10.035169518992879 27
1619256252782 10.055623243526627 28
1619256261735 9.70275981717495 29
1619256271901 9.620256212659807 30
1619256280845 9.804300643218918 31
1619256289759 9.439052951090433 32
1619256298701 9.349324127952563 33
1619256307664 9.645383759214154 34
1619256317793 9.934491984815482 35
1619256326750 9.447604467345572 36
1619256335698 9.56765811758712 37
1619256344625 9.502221798982323 38
1619256353570 9.363601206022501 39
1619256363714 9.112928869762689 40
1619256372640 9.60705024633488 41
1619256381571 8.992655233002642 42
1619256390508 8.993187737584057 43
1619256399438 8.81316941790526 44
1619256409592 9.032555375889148 45
1619256418537 8.76947526162661 46
1619256427517 8.736349980107283 47
1619256436475 8.689504396281851 48
1619256445485 8.865529264020491 49
