1619255364873 5470.853609690753 0
1619255373700 2985.955147469382 1
1619255382574 892.6044168368069 2
1619255391528 329.165959644992 3
1619255400506 289.84984316801246 4
1619255411660 269.2660157019537 5
1619255420522 262.08668359824065 6
1619255429360 300.28664642454856 7
1619255438209 241.89750244122905 8
1619255447008 244.95551755458325 9
1619255457008 224.9673649963299 10
1619255465877 233.63679861317868 11
1619255474740 238.5341173325501 12
1619255483653 229.17617273351453 13
1619255492552 235.16029207926414 14
1619255502630 214.90788274137353 15
1619255511491 223.5716671110784 16
1619255520332 206.05159809974876 17
1619255529212 204.1861950711945 18
1619255538061 198.37037604266925 19
1619255548076 194.7434978649251 20
1619255556914 194.8959015818427 21
1619255565777 193.22894963618324 22
1619255574659 192.70137470238163 23
1619255583521 186.61256010190297 24
1619255593563 184.67299948981986 25
1619255602418 179.97465424007356 26
1619255611277 176.79614779180037 27
1619255620139 173.43458334241674 28
1619255628980 173.99383769074794 29
1619255639046 168.40607425702433 30
1619255647900 168.75981480131512 31
1619255656738 183.0725252172729 32
1619255665589 186.93594212677695 33
1619255674445 175.08458069991835 34
1619255684484 168.57123735196592 35
1619255693341 162.81086628626352 36
1619255702200 160.8478556448423 37
1619255711092 156.48256748959585 38
1619255719983 154.54334980996086 39
1619255730031 152.71998142569691 40
1619255738892 147.948709440966 41
1619255747774 146.4811240425772 42
1619255756664 142.30456569263367 43
1619255765519 149.38600668667772 44
1619255775577 142.13485862061594 45
1619255784463 140.63674225283216 46
1619255793353 138.40022319409803 47
1619255802228 136.34596970986937 48
1619255811116 136.39235033038798 49
