1619255364873 68.80213284803476 0
1619255373700 50.66071234233316 1
1619255382574 25.118941712542117 2
1619255391528 14.555628884370885 3
1619255400506 13.5272832250337 4
1619255411660 12.865897890083863 5
1619255420522 12.614833500137932 6
1619255429360 13.518857056801439 7
1619255438209 11.929018499592997 8
1619255447008 12.092628592085003 9
1619255457008 11.360767325898543 10
1619255465877 11.694199306720686 11
1619255474740 11.924958591842074 12
1619255483653 11.658541339763282 13
1619255492552 11.8078680191521 14
1619255502630 11.064522547874438 15
1619255511491 11.488011624597863 16
1619255520332 10.842977665263852 17
1619255529212 10.818310137753999 18
1619255538061 10.624855915123609 19
1619255548076 10.458988633201407 20
1619255556914 10.46507444949888 21
1619255565777 10.456398199572783 22
1619255574659 10.521419283459865 23
1619255583521 10.282345868634275 24
1619255593563 10.092126936315587 25
1619255602418 9.966655541862519 26
1619255611277 9.930397784223185 27
1619255620139 9.831706743284062 28
1619255628980 9.859912030396218 29
1619255639046 9.60753613945371 30
1619255647900 9.660143515027558 31
1619255656738 10.088197411207954 32
1619255665589 10.273057870520958 33
1619255674445 9.813915429861753 34
1619255684484 9.582559720109712 35
1619255693341 9.460594028903786 36
1619255702200 9.346589893060003 37
1619255711092 9.207279589774263 38
1619255719983 9.17019801263137 39
1619255730031 9.066407450245691 40
1619255738892 8.92953093229947 41
1619255747774 8.919800172151625 42
1619255756664 8.729310256706137 43
1619255765519 9.032858605757907 44
1619255775577 8.695601917698998 45
1619255784463 8.666617597209703 46
1619255793353 8.619146356518764 47
1619255802228 8.53968208125825 48
1619255811116 8.547323462464888 49
