1619945834105 5417.086146639131 0
1619945835758 2890.93077439472 1
1619945837439 708.4225155072941 2
1619945839077 197.58070405554778 3
1619945840758 168.33326468044953 4
1619945842961 160.8433519930378 5
1619945844642 154.1592918589122 6
1619945846337 153.63031885412505 7
1619945848035 154.99986364025557 8
1619945849706 148.62237301235052 9
1619945851650 146.53778454050172 10
1619945853306 142.62796085555433 11
1619945854947 142.0069326183426 12
1619945856605 144.7908504487655 13
1619945858240 141.62523371079234 14
1619945860220 139.37666777032888 15
1619945861915 137.791970832707 16
1619945863590 133.94166750738512 17
1619945865249 131.4787448018958 18
1619945866979 125.99474788566798 19
1619945868930 124.16643309721759 20
1619945870582 123.3007712633417 21
1619945872229 123.07051826399085 22
1619945873891 117.31619289673048 23
1619945875563 117.00078913065576 24
1619945877534 115.27865605255161 25
1619945879218 116.07384750894221 26
1619945880851 114.08755765213931 27
1619945882528 114.78660737909293 28
1619945884188 113.81819703047793 29
1619945886150 111.8466782629849 30
1619945887838 110.67912798671078 31
1619945889519 110.6219458997571 32
1619945891214 109.97824338010594 33
1619945892943 109.24249795317311 34
1619945894929 107.4237511159839 35
1619945896618 109.07730472014218 36
1619945898295 107.38761606547168 37
1619945899965 107.26669558203126 38
1619945901638 107.36321966250163 39
1619945903641 105.73218963892239 40
1619945905323 107.86380857341294 41
1619945906983 104.62080322257441 42
1619945908671 106.09478897365234 43
1619945910367 104.2288503978866 44
1619945912304 104.18682845683668 45
1619945913988 103.8143036302691 46
1619945915654 103.24808021522978 47
1619945917309 102.1976760694149 48
1619945918989 102.67942628594588 49
