1619945834105 70.54799784354091 0
1619945835758 51.04741575426305 1
1619945837439 23.0823695282478 2
1619945839077 10.880304418962572 3
1619945840758 9.51940882957793 4
1619945842961 9.216229036618364 5
1619945844642 8.96729198679809 6
1619945846337 8.917414169281564 7
1619945848035 8.982828497766777 8
1619945849706 8.750464943580559 9
1619945851650 8.674053026788602 10
1619945853306 8.531284334832868 11
1619945854947 8.50257633556059 12
1619945856605 8.587343589133189 13
1619945858240 8.46601496941981 14
1619945860220 8.404456618635711 15
1619945861915 8.351741319464871 16
1619945863590 8.21957421241827 17
1619945865249 8.158081955686908 18
1619945866979 7.964727483919773 19
1619945868930 7.888563315280683 20
1619945870582 7.849973937789237 21
1619945872229 7.845145732923919 22
1619945873891 7.611258917286616 23
1619945875563 7.613366307594924 24
1619945877534 7.538696795233014 25
1619945879218 7.556944340032168 26
1619945880851 7.487391874003333 27
1619945882528 7.5109039092397065 28
1619945884188 7.463005063986159 29
1619945886150 7.385660999610948 30
1619945887838 7.358393545492637 31
1619945889519 7.346577339853018 32
1619945891214 7.331703353243965 33
1619945892943 7.302826453570066 34
1619945894929 7.204524166862986 35
1619945896618 7.2780175072631375 36
1619945898295 7.208796312696393 37
1619945899965 7.212579972969297 38
1619945901638 7.203717407540548 39
1619945903641 7.139498656071277 40
1619945905323 7.2326905118181575 41
1619945906983 7.11847017696692 42
1619945908671 7.171870514690968 43
1619945910367 7.081965728004798 44
1619945912304 7.0633576242026175 45
1619945913988 7.08067509525895 46
1619945915654 7.0297229485678425 47
1619945917309 7.0009707925927325 48
1619945918989 7.021262660774019 49
