1618585171760 1437.3602450586045 0
1618585215479 288.5405555726048 1
1618585260144 283.57043642806434 2
1618585304893 269.8605333421723 3
1618585349550 249.59258815890587 4
1618585400638 238.1198730100473 5
1618585445666 222.94487450636177 6
1618585490048 219.96220132702243 7
1618585535557 215.6581311203102 8
1618585580652 214.33381295910436 9
1618585630636 208.58050309523085 10
1618585676572 209.18193678209173 11
1618585720543 205.84526801027795 12
1618585768298 201.40658275679036 13
1618585815617 202.08964197669744 14
1618585868616 196.79201446240043 15
1618585916826 198.65402255584536 16
1618585965244 194.7300531964022 17
1618586012983 193.76917964795993 18
1618586059678 192.7894943207638 19
1618586109129 191.66413777533847 20
1618586152909 189.26385742264077 21
1618586196045 190.16266790183352 22
1618586239357 185.8945788071024 23
1618586282385 185.23207510191634 24
1618586330361 184.29110886610812 25
1618586373054 186.10465427488595 26
1618586417312 184.3400182836802 27
1618586460545 179.68077625923124 28
1618586504799 178.95995946936162 29
1618586554443 175.10720851120828 30
1618586600499 175.6489855103389 31
1618586646792 167.3580689354289 32
1618586693801 171.4794823809612 33
1618586739182 164.13515377003574 34
1618586787254 164.25082070103787 35
1618586830309 160.27988772002212 36
1618586873557 158.49055778019033 37
1618586917046 159.0647974066619 38
1618586960495 157.71504229620408 39
1618587009613 157.54589911004356 40
1618587052275 155.69042359229982 41
1618587094551 154.08261161696274 42
1618587138976 152.4819510898206 43
1618587185443 153.06174408615746 44
1618587237906 153.736157771846 45
1618587283933 149.84602100165415 46
1618587330007 150.21978154235273 47
1618587375561 150.82941472301906 48
1618587422587 151.3403168721295 49
