1618585171760 27.13928212905866 0
1618585215479 13.164555366606647 1
1618585260144 13.091964558750087 2
1618585304893 12.626525021603175 3
1618585349550 12.030750800466492 4
1618585400638 11.77011423775632 5
1618585445666 11.297569462347195 6
1618585490048 11.234216263731938 7
1618585535557 11.089757300200965 8
1618585580652 11.064578240492114 9
1618585630636 10.917502378113792 10
1618585676572 10.892119877307195 11
1618585720543 10.782410082618096 12
1618585768298 10.662822450670205 13
1618585815617 10.691498600777036 14
1618585868616 10.527373227753344 15
1618585916826 10.592625907569643 16
1618585965244 10.434342778564439 17
1618586012983 10.407791542069079 18
1618586059678 10.398666596901547 19
1618586109129 10.358060676575146 20
1618586152909 10.279948667228537 21
1618586196045 10.30510678075625 22
1618586239357 10.203414943178933 23
1618586282385 10.175498062380257 24
1618586330361 10.130669091577209 25
1618586373054 10.219760605095367 26
1618586417312 10.160882539801483 27
1618586460545 9.952122853022425 28
1618586504799 9.969741105405372 29
1618586554443 9.811448258459707 30
1618586600499 9.847899750351313 31
1618586646792 9.571167278652409 32
1618586693801 9.700315676527287 33
1618586739182 9.460505402471444 34
1618586787254 9.471635632772026 35
1618586830309 9.331717129842234 36
1618586873557 9.302714320428674 37
1618586917046 9.31882537404249 38
1618586960495 9.241640213984464 39
1618587009613 9.24528035433337 40
1618587052275 9.19411108058143 41
1618587094551 9.141351829739836 42
1618587138976 9.068750402217265 43
1618587185443 9.114983377640163 44
1618587237906 9.137875538942984 45
1618587283933 8.979565968933509 46
1618587330007 8.984068480150023 47
1618587375561 8.994136174595972 48
1618587422587 9.025352561154504 49
