1621749973944 5414.870537192606 0
1621749979741 2941.638753605381 1
1621749985552 839.6602196867947 2
1621749991410 293.3214938497958 3
1621749997276 252.2041287880299 4
1621750004610 232.198859064621 5
1621750010478 230.07175327737133 6
1621750016392 221.0624992355259 7
1621750022334 220.93652207214166 8
1621750028333 217.91833123918903 9
1621750035171 209.49720883735802 10
1621750041172 212.93297730479424 11
1621750047091 206.14411247450707 12
1621750052959 202.20250932591316 13
1621750058838 199.10773534545177 14
1621750065535 192.02248716851744 15
1621750071430 200.65854645424054 16
1621750077273 191.07065085667827 17
1621750083143 190.27096452090652 18
1621750089031 188.6607316971181 19
1621750095732 192.49854157897153 20
1621750101676 184.48995466228146 21
1621750107580 181.03030271154202 22
1621750113466 178.2279680865656 23
1621750119335 176.60010197192145 24
1621750126041 173.24956537211148 25
1621750131923 170.50713973083617 26
1621750137795 170.72720695704285 27
1621750143681 172.47128356809557 28
1621750149566 169.51266750823535 29
1621750156272 160.74154557274622 30
1621750162155 161.69728967903822 31
1621750168030 161.40865236079878 32
1621750173920 154.52427730042558 33
1621750179806 156.6935167804064 34
1621750186502 153.50275728118797 35
1621750192364 144.90752456659027 36
1621750198263 140.94246409957498 37
1621750204139 146.86149097000666 38
1621750210039 139.69209925810927 39
1621750216773 140.07984184744674 40
1621750222714 133.6545914414882 41
1621750228629 133.01785053724404 42
1621750234523 140.91051172998044 43
1621750240452 138.85847937144868 44
1621750247177 129.81209556124418 45
1621750253063 126.30461763320612 46
1621750258925 131.834995638169 47
1621750264825 129.27436270430115 48
1621750270711 138.71996109657135 49
