1621749973944 68.68206163466532 0
1621749979741 50.47397651029237 1
1621749985552 24.68337371419887 2
1621749991410 13.606414938992492 3
1621749997276 12.318677969975411 4
1621750004610 11.615857545030638 5
1621750010478 11.60477908881828 6
1621750016392 11.265225484424928 7
1621750022334 11.310992352918937 8
1621750028333 11.193095933559674 9
1621750035171 10.934861313354133 10
1621750041172 11.066936315625057 11
1621750047091 10.82007136790965 12
1621750052959 10.700917446684754 13
1621750058838 10.602119282191142 14
1621750065535 10.345243409779378 15
1621750071430 10.670700478281352 16
1621750077273 10.327710405580758 17
1621750083143 10.27921140641626 18
1621750089031 10.252766186314473 19
1621750095732 10.475993263680182 20
1621750101676 10.150620127575614 21
1621750107580 10.028021459431343 22
1621750113466 9.910809605524506 23
1621750119335 9.888324154107323 24
1621750126041 9.807070629121535 25
1621750131923 9.693959395166548 26
1621750137795 9.706465522338627 27
1621750143681 9.824916400802236 28
1621750149566 9.780396602076799 29
1621750156272 9.419753044546411 30
1621750162155 9.42510867227111 31
1621750168030 9.452242346347655 32
1621750173920 9.196049336230367 33
1621750179806 9.258015454385266 34
1621750186502 9.215084141150095 35
1621750192364 8.851178429368654 36
1621750198263 8.677477340440358 37
1621750204139 8.942747950729409 38
1621750210039 8.698456909142191 39
1621750216773 8.66786286126024 40
1621750222714 8.465385341047043 41
1621750228629 8.453517107200888 42
1621750234523 8.789779344113393 43
1621750240452 8.767468559226058 44
1621750247177 8.38831855006683 45
1621750253063 8.183911763274224 46
1621750258925 8.417535906906133 47
1621750264825 8.354067628268885 48
1621750270711 8.72235789309987 49
