1619252497282 5713.917281221357 0
1619252501552 2679.380551605214 1
1619252505905 593.9274372571455 2
1619252510255 297.76537933208397 3
1619252514605 287.88737573064907 4
1619252520590 276.1222000409931 5
1619252524947 259.39657859777805 6
1619252529285 257.0664219183116 7
1619252533617 251.2326459033961 8
1619252538040 358.3553868780749 9
1619252543023 263.6703079037881 10
1619252547423 252.7095131392393 11
1619252551803 243.38069815997883 12
1619252556221 230.13182361923504 13
1619252560671 246.64040755655296 14
1619252565711 246.45136035531664 15
1619252570181 231.18441055416255 16
1619252574628 218.77205235346904 17
1619252579099 231.99049637819547 18
1619252583561 221.51479949918584 19
1619252588645 212.81673636320707 20
1619252593134 224.94930757294603 21
1619252597651 238.2167499721742 22
1619252602146 216.95525776310527 23
1619252606669 209.22338465703308 24
1619252611726 202.47719225554548 25
1619252616175 213.99725347988596 26
1619252620649 208.3371256357615 27
1619252625101 224.09156950090232 28
1619252629600 216.12675144219727 29
1619252634725 230.70702648128895 30
1619252639206 209.81877660028297 31
1619252643681 201.20311507260814 32
1619252648132 198.64626229862526 33
1619252652584 199.11710724118103 34
1619252657621 199.04491625791462 35
1619252662069 205.1553276715401 36
1619252666529 197.12123312997318 37
1619252670997 202.55024866427425 38
1619252675457 194.23781737825018 39
1619252680519 202.60461278048973 40
1619252684964 194.04806366368715 41
1619252689420 203.66922498599672 42
1619252693875 217.29226363361235 43
1619252698313 192.77172178620248 44
1619252703382 192.21057137596384 45
1619252707837 191.83846958997097 46
1619252712310 189.67726219548206 47
1619252716769 191.55755273386228 48
1619252721231 187.85736772677495 49
