1619252497282 71.61240480490459 0
1619252501552 47.81018651143643 1
1619252505905 20.260990681271117 2
1619252510255 13.632102488487007 3
1619252514605 13.260007916663206 4
1619252520590 12.917900213628695 5
1619252524947 12.423097779999138 6
1619252529285 12.359205108151585 7
1619252533617 12.144955214210325 8
1619252538040 14.618418230792845 9
1619252543023 12.48650935163462 10
1619252547423 12.263316480971032 11
1619252551803 11.875302121810169 12
1619252556221 11.382833843240705 13
1619252560671 11.989719412255017 14
1619252565711 11.912437419547826 15
1619252570181 11.442496328326046 16
1619252574628 10.971185830306979 17
1619252579099 11.41784440660643 18
1619252583561 11.046903496714616 19
1619252588645 10.744979469175481 20
1619252593134 11.194354091257848 21
1619252597651 11.72725762137571 22
1619252602146 10.947286736322754 23
1619252606669 10.656004935233561 24
1619252611726 10.333498715997939 25
1619252616175 10.833995455939244 26
1619252620649 10.640759819010666 27
1619252625101 11.176140117163232 28
1619252629600 10.925492297476906 29
1619252634725 11.496693893710159 30
1619252639206 10.710956462483445 31
1619252643681 10.384304223896015 32
1619252648132 10.249081698602533 33
1619252652584 10.303244911954778 34
1619252657621 10.239080595547529 35
1619252662069 10.560425459366893 36
1619252666529 10.213131076323652 37
1619252670997 10.442909174188818 38
1619252675457 10.091928364738855 39
1619252680519 10.52221674120383 40
1619252684964 10.118866603349192 41
1619252689420 10.530707946712711 42
1619252693875 11.050430920621869 43
1619252698313 10.071464704026223 44
1619252703382 9.984990298353395 45
1619252707837 9.9831196320662 46
1619252712310 9.942480945363116 47
1619252716769 10.007689703857634 48
1619252721231 9.85055037326233 49
