1621599822615 5545.109478225063 0
1621599827192 2777.277247231082 1
1621599831807 687.4388558270962 2
1621599836453 274.5075695019099 3
1621599841110 255.930525420024 4
1621599847043 242.54576005077178 5
1621599851776 228.14920379384094 6
1621599856489 224.8660829066568 7
1621599861199 211.58524280136012 8
1621599865910 214.78738664957592 9
1621599871262 208.5551206621974 10
1621599875914 206.35017520204414 11
1621599880558 201.96737872018488 12
1621599885191 194.13544727495 13
1621599889812 185.51135506278155 14
1621599895083 184.88103963436137 15
1621599899698 179.85474231086923 16
1621599904317 179.35825720320298 17
1621599908908 180.53630043309866 18
1621599913533 169.38767784638844 19
1621599918805 182.59778029044722 20
1621599923450 178.53421126299705 21
1621599928108 173.27762543045245 22
1621599932772 168.35984263758195 23
1621599937435 165.27341489277362 24
1621599942735 164.2203285135519 25
1621599947394 160.93954401805127 26
1621599952090 169.55620951185375 27
1621599956748 161.50529284399184 28
1621599961408 180.62812812395177 29
1621599966714 163.52015083025748 30
1621599971369 160.3339320041399 31
1621599976008 166.02587078501597 32
1621599980650 163.7392229190044 33
1621599985268 160.13172722920493 34
1621599990552 161.7157712077582 35
1621599995187 153.78259106416553 36
1621599999831 151.41732257635826 37
1621600004469 156.27889220062025 38
1621600009113 166.27869273387032 39
1621600014383 151.82555168197086 40
1621600019018 157.56793080690946 41
1621600023650 153.97502265595 42
1621600028300 151.71204220251096 43
1621600032945 161.39825648932472 44
1621600038239 150.8732725924322 45
1621600042876 152.28477061158472 46
1621600047534 161.06454145282802 47
1621600052181 157.69084296201976 48
1621600056827 151.1085375305305 49
