1621599822615 70.22437777343262 0
1621599827192 49.09040047684415 1
1621599831807 22.154100947753594 2
1621599836453 12.860876409434168 3
1621599841110 12.207234176697634 4
1621599847043 11.695880125827834 5
1621599851776 11.29023800770715 6
1621599856489 11.182337933637244 7
1621599861199 10.723864569196667 8
1621599865910 10.883868389787459 9
1621599871262 10.714603330386376 10
1621599875914 10.637986748222943 11
1621599880558 10.503977037878409 12
1621599885191 10.304576253773622 13
1621599889812 10.093784792475242 14
1621599895083 10.111558908256702 15
1621599899698 9.930362301271222 16
1621599904317 9.963804433051935 17
1621599908908 10.077983752851669 18
1621599913533 9.626641656599567 19
1621599918805 10.11568900938778 20
1621599923450 9.887912056455232 21
1621599928108 9.735534031951437 22
1621599932772 9.553961029056023 23
1621599937435 9.439166324248772 24
1621599942735 9.422901325819712 25
1621599947394 9.251457837256574 26
1621599952090 9.646135587363716 27
1621599956748 9.267731469913171 28
1621599961408 10.06015169990549 29
1621599966714 9.4015540601426 30
1621599971369 9.25415647113794 31
1621599976008 9.492737096614473 32
1621599980650 9.429449690447688 33
1621599985268 9.264938906752105 34
1621599990552 9.333056790664912 35
1621599995187 8.971238754717024 36
1621599999831 8.84507716468501 37
1621600004469 9.083072293117667 38
1621600009113 9.5134481875475 39
1621600014383 8.91179738366844 40
1621600019018 9.177966511162428 41
1621600023650 9.003877334864358 42
1621600028300 8.839576229644184 43
1621600032945 9.284488182613345 44
1621600038239 8.86030046712714 45
1621600042876 8.92073748785369 46
1621600047534 9.303806483032563 47
1621600052181 9.202640339736595 48
1621600056827 8.871255982230531 49
