1621599545507 5554.882358797018 0
1621599550052 2779.471606267137 1
1621599554631 698.2620728031268 2
1621599559217 281.84196111300554 3
1621599563830 243.8220812745511 4
1621599569716 233.80815392739984 5
1621599574365 226.71476285391003 6
1621599579041 214.8054450471209 7
1621599583745 211.52304505635567 8
1621599588428 207.6803624689413 9
1621599593756 207.47744399783718 10
1621599598402 202.01880677442756 11
1621599603052 194.15516845333096 12
1621599607665 189.78151836183906 13
1621599612282 181.06716069102765 14
1621599617530 181.30439550385148 15
1621599622138 180.3333828720182 16
1621599626730 176.19861090783465 17
1621599631320 175.25931179282907 18
1621599635914 163.24217723457662 19
1621599641173 169.7281805929313 20
1621599645782 166.7054369028842 21
1621599650410 171.05080855421696 22
1621599655032 172.4274602386685 23
1621599659641 166.74537771293498 24
1621599664921 168.50829199741003 25
1621599669546 163.8911704449695 26
1621599674192 168.59770887558486 27
1621599678831 157.5347519307443 28
1621599683455 160.37280311434313 29
1621599688725 170.20889020253156 30
1621599693363 166.48340742053097 31
1621599697988 160.8262786413657 32
1621599702600 160.92860998669255 33
1621599707204 151.8300397819784 34
1621599712468 169.98532533461582 35
1621599717079 153.38124355462998 36
1621599721681 153.0535320271716 37
1621599726294 167.1946180015741 38
1621599730906 152.9370064122029 39
1621599736148 153.8544988720161 40
1621599740773 157.16172056063579 41
1621599745387 168.01361795416227 42
1621599750016 150.86132593872188 43
1621599754628 163.91481491112103 44
1621599759901 150.00609791504104 45
1621599764491 166.3647711226886 46
1621599769105 152.92939780514303 47
1621599773730 147.24539494229717 48
1621599778358 148.47350488760947 49
