1621599545507 70.20774589912185 0
1621599550052 49.05302337422303 1
1621599554631 22.288973217566017 2
1621599559217 13.152692730945066 3
1621599563830 11.778160406578625 4
1621599569716 11.4483905086409 5
1621599574365 11.262446269811269 6
1621599579041 10.902548199383347 7
1621599583745 10.797917107950926 8
1621599588428 10.681776936727783 9
1621599593756 10.722125688555359 10
1621599598402 10.56260042340073 11
1621599603052 10.26420847013747 12
1621599607665 10.225053283371794 13
1621599612282 9.973958457511056 14
1621599617530 10.064439571582765 15
1621599622138 9.987242130653627 16
1621599626730 9.81014749965932 17
1621599631320 9.867308907030647 18
1621599635914 9.377711060629181 19
1621599641173 9.605917692565786 20
1621599645782 9.470237580987604 21
1621599650410 9.678911822873703 22
1621599655032 9.704458301526397 23
1621599659641 9.490776705107764 24
1621599664921 9.563647158806214 25
1621599669546 9.431951164405776 26
1621599674192 9.587544468697763 27
1621599678831 9.115795732047998 28
1621599683455 9.26985961470596 29
1621599688725 9.644308398093745 30
1621599693363 9.547181651226696 31
1621599697988 9.265905436714478 32
1621599702600 9.28892580243103 33
1621599707204 8.88348182963893 34
1621599712468 9.745125117370764 35
1621599717079 8.98883235505138 36
1621599721681 8.95640252521598 37
1621599726294 9.57702086736815 38
1621599730906 8.934856691842832 39
1621599736148 9.020269930370123 40
1621599740773 9.144032522768695 41
1621599745387 9.581928596245767 42
1621599750016 8.842014080232879 43
1621599754628 9.426546719894674 44
1621599759901 8.881281025990086 45
1621599764491 9.5804927708028 46
1621599769105 8.975616260472336 47
1621599773730 8.712443408960036 48
1621599778358 8.788687404019468 49
