1619254882282 5459.688159776585 0
1619254890830 2950.281331674691 1
1619254899375 881.2276472748209 2
1619254907968 327.32617679282134 3
1619254916593 269.3166034286268 4
1619254927561 251.96970300777474 5
1619254936310 394.62451023473363 6
1619254945065 257.806501097719 7
1619254953868 242.46069698809558 8
1619254962723 242.2569750904545 9
1619254972802 227.34167298779585 10
1619254981770 258.9329613577886 11
1619254990790 223.00310197578685 12
1619254999805 218.76324919233565 13
1619255008725 207.9351975590666 14
1619255018835 210.02336807777817 15
1619255027724 207.9653337348628 16
1619255036672 200.76092624982707 17
1619255045596 208.11400790857567 18
1619255054527 204.4098680350385 19
1619255064703 193.49510632506983 20
1619255073656 205.86811213363515 21
1619255082614 201.37626271534324 22
1619255091611 191.4789388227984 23
1619255100592 189.796527135808 24
1619255110718 205.21507797904113 25
1619255119753 191.05894829479698 26
1619255128703 189.95400293363392 27
1619255137604 187.84046861960908 28
1619255146506 184.11200082075408 29
1619255156640 177.6524653380863 30
1619255165562 173.94497483596817 31
1619255174460 176.29200496333036 32
1619255183406 173.98123236659492 33
1619255192340 172.38774291651717 34
1619255202450 172.1561920958335 35
1619255211366 166.58511092440673 36
1619255220269 166.3924067761683 37
1619255229188 163.67551176275535 38
1619255238112 160.94993562672457 39
1619255248244 161.1193064323438 40
1619255257161 158.0069546303305 41
1619255266097 163.120239481206 42
1619255275038 159.36670678628414 43
1619255283984 166.39024501460622 44
1619255294127 158.03582452851137 45
1619255303049 150.95309588828215 46
1619255311970 152.13721181174446 47
1619255320892 152.12187676828933 48
1619255329826 154.16558513305554 49
