1619254882282 68.80102002119119 0
1619254890830 50.364164660492776 1
1619254899375 25.01222606368065 2
1619254907968 14.423893427533878 3
1619254916593 12.814409557768354 4
1619254927561 12.264181321182885 5
1619254936310 15.72396915845873 6
1619254945065 12.528505193508094 7
1619254953868 12.036088980898276 8
1619254962723 12.073197613138596 9
1619254972802 11.506090259427411 10
1619254981770 12.570402200858368 11
1619254990790 11.41470228640593 12
1619254999805 11.281864821706915 13
1619255008725 10.87845439219508 14
1619255018835 10.971514683530373 15
1619255027724 10.890435636052201 16
1619255036672 10.645203140936248 17
1619255045596 11.022792245614777 18
1619255054527 10.848484252139583 19
1619255064703 10.402356184411666 20
1619255073656 10.9286664489679 21
1619255082614 10.765612547492985 22
1619255091611 10.379356031744354 23
1619255100592 10.310405550722317 24
1619255110718 10.927953022897777 25
1619255119753 10.366488541230364 26
1619255128703 10.382083856750226 27
1619255137604 10.279147044622974 28
1619255146506 10.199089140433514 29
1619255156640 9.89553375383366 30
1619255165562 9.73797790794008 31
1619255174460 9.846985158443085 32
1619255183406 9.78641492345541 33
1619255192340 9.779149189168997 34
1619255202450 9.74435600080388 35
1619255211366 9.60713608149281 36
1619255220269 9.54020039734598 37
1619255229188 9.461457919914274 38
1619255238112 9.385636414906669 39
1619255248244 9.390379481438918 40
1619255257161 9.25717581213083 41
1619255266097 9.446706533150193 42
1619255275038 9.271170629795575 43
1619255283984 9.647045412940283 44
1619255294127 9.321067805846234 45
1619255303049 9.010532086322163 46
1619255311970 9.139832701901671 47
1619255320892 9.032905177628265 48
1619255329826 9.176084686037075 49
