1621518954139 5571.648173678195 0
1621518956517 2726.959308839717 1
1621518958895 671.7454429411856 2
1621518961265 276.1889379231547 3
1621518963635 248.53513001115522 4
1621518966802 240.57672544500323 5
1621518969203 238.54654313262733 6
1621518971579 231.73630323401906 7
1621518973984 223.45656852774414 8
1621518976399 218.99361106211342 9
1621518979194 219.9746886478954 10
1621518981588 215.5970467815711 11
1621518983963 214.0990617902254 12
1621518986322 210.13323283885785 13
1621518988674 210.11903267839486 14
1621518991456 209.92629434141466 15
1621518993837 210.29706014765125 16
1621518996215 206.82490262115596 17
1621518998616 205.18164568106042 18
1621519001028 206.09485573441668 19
1621519003821 206.25046177277397 20
1621519006215 201.78592822787175 21
1621519008626 201.6932977660919 22
1621519011017 198.02302459536457 23
1621519013398 198.49217875211085 24
1621519016186 194.79047369546632 25
1621519018580 194.0128584648197 26
1621519020973 193.68991446665632 27
1621519023361 190.25276371230945 28
1621519025762 187.5022959741821 29
1621519028566 182.7827159092683 30
1621519030996 184.118502229598 31
1621519033397 176.85254424482676 32
1621519035785 177.49958108339206 33
1621519038184 171.29387785529792 34
1621519040956 170.1625735846849 35
1621519043340 169.42288874165 36
1621519045731 167.30313143174962 37
1621519048121 167.277519308425 38
1621519050533 166.04953122517347 39
1621519053348 165.14028805815306 40
1621519055745 163.37637605046103 41
1621519058164 164.71830131398576 42
1621519060573 164.51934357585301 43
1621519062977 162.9717430387081 44
1621519065787 160.53147255931253 45
1621519068192 159.8973783330149 46
1621519070600 160.17514723489973 47
1621519073017 158.78094313029163 48
1621519075429 163.14319378325575 49
