1621518954139 70.10323037047242 0
1621518956517 48.52243501180009 1
1621518958895 21.92064517515567 2
1621518961265 12.86731770339314 3
1621518963635 11.834268611770185 4
1621518966802 11.630843995196571 5
1621518969203 11.573237672848478 6
1621518971579 11.361238260036526 7
1621518973984 11.080028222471293 8
1621518976399 10.951866578170259 9
1621518979194 10.9867456988134 10
1621518981588 10.785355389730734 11
1621518983963 10.754399165737622 12
1621518986322 10.642465089187704 13
1621518988674 10.65424001052365 14
1621518991456 10.675504057290762 15
1621518993837 10.651742243711753 16
1621518996215 10.572984336136349 17
1621518998616 10.505624691288324 18
1621519001028 10.541958440631264 19
1621519003821 10.56637577166089 20
1621519006215 10.386370427897736 21
1621519008626 10.386943123943464 22
1621519011017 10.23623720572546 23
1621519013398 10.346451502595015 24
1621519016186 10.19495984232446 25
1621519018580 10.172036365373451 26
1621519020973 10.210361469788808 27
1621519023361 10.101607655731277 28
1621519025762 10.01697626346896 29
1621519028566 9.872950874957972 30
1621519030996 10.01363202463756 31
1621519033397 9.718002046809282 32
1621519035785 9.808490678796895 33
1621519038184 9.546130553303078 34
1621519040956 9.501596520149846 35
1621519043340 9.497489741114999 36
1621519045731 9.396138353175422 37
1621519048121 9.428408619727529 38
1621519050533 9.341551318728865 39
1621519053348 9.355946989907343 40
1621519055745 9.288617708677283 41
1621519058164 9.356335141556004 42
1621519060573 9.324001338442605 43
1621519062977 9.313389301158475 44
1621519065787 9.197506729981123 45
1621519068192 9.142872956907244 46
1621519070600 9.153063427789865 47
1621519073017 9.090491715136638 48
1621519075429 9.29435154069363 49
