1621600537222 5551.392708749856 0
1621600541726 2792.204451997161 1
1621600546226 693.5298694948511 2
1621600550750 281.05290991603414 3
1621600555308 256.8672609867116 4
1621600561118 234.65424900836973 5
1621600565703 230.35470733948014 6
1621600570263 221.53960888582904 7
1621600574854 214.43726341723323 8
1621600579478 210.30959360717642 9
1621600584746 208.77260005742056 10
1621600589406 200.6143301616455 11
1621600594069 195.69388791474935 12
1621600598746 192.79094387941925 13
1621600603396 185.09329285319177 14
1621600608707 184.06925562583024 15
1621600613320 180.74050273479307 16
1621600617939 183.35779771652182 17
1621600622564 177.8187955214086 18
1621600627156 168.0761162501514 19
1621600632407 178.5579844204056 20
1621600637006 179.21814785779492 21
1621600641609 181.29060715941523 22
1621600646202 165.71501151542498 23
1621600650800 161.57026440027389 24
1621600656058 174.93268670675985 25
1621600660677 174.43123241501686 26
1621600665322 171.15439212438577 27
1621600669948 163.12753507935264 28
1621600674578 173.6155304240931 29
1621600679857 168.56583105250357 30
1621600684505 164.1320196455105 31
1621600689126 163.10940262470544 32
1621600693758 159.60683808014025 33
1621600698376 155.10777148001532 34
1621600703625 161.24021492691625 35
1621600708238 165.54288960439393 36
1621600712861 159.57525257837247 37
1621600717458 157.86120304358627 38
1621600722072 151.70745236589266 39
1621600727317 154.8071641908205 40
1621600731957 160.38679544685766 41
1621600736586 165.24627040960183 42
1621600741242 153.67476814450433 43
1621600745855 154.22400648893424 44
1621600751130 149.10953799463292 45
1621600755754 151.87830082925458 46
1621600760372 158.5856311042288 47
1621600764984 149.9636401489479 48
1621600769618 148.7111486837977 49
