1621600537222 70.23688236820445 0
1621600541726 49.03456544242666 1
1621600546226 22.23954409198246 2
1621600550750 13.075258931750028 3
1621600555308 12.255585522932128 4
1621600561118 11.47460148151849 5
1621600565703 11.432866251881622 6
1621600570263 11.130753489475316 7
1621600574854 10.899232821679139 8
1621600579478 10.822412931808692 9
1621600584746 10.758120132357362 10
1621600589406 10.553074304802989 11
1621600594069 10.354092281774973 12
1621600598746 10.35558733951222 13
1621600603396 10.134005601080636 14
1621600608707 10.129582656800945 15
1621600613320 9.98908221791409 16
1621600617939 10.135176424566355 17
1621600622564 9.92039620952009 18
1621600627156 9.542032493239619 19
1621600632407 9.979121314024827 20
1621600637006 9.921168983114505 21
1621600641609 10.020521091746486 22
1621600646202 9.399362200751531 23
1621600650800 9.242041057289965 24
1621600656058 9.864780364280572 25
1621600660677 9.76548520591005 26
1621600665322 9.674378186673533 27
1621600669948 9.331617970292204 28
1621600674578 9.818097006984514 29
1621600679857 9.596596009815027 30
1621600684505 9.41249281575639 31
1621600689126 9.342617852583412 32
1621600693758 9.208057827320248 33
1621600698376 9.026074091745656 34
1621600703625 9.318747989716542 35
1621600708238 9.432732841895488 36
1621600712861 9.238339752385569 37
1621600717458 9.186055792273024 38
1621600722072 8.840222692664538 39
1621600727317 9.032156457605156 40
1621600731957 9.29625523248949 41
1621600736586 9.475957859276166 42
1621600741242 8.964741290079745 43
1621600745855 8.972840679493245 44
1621600751130 8.775361490816389 45
1621600755754 8.911613423837714 46
1621600760372 9.248812986648044 47
1621600764984 8.802344439611087 48
1621600769618 8.775087136304613 49
