1621519733872 5569.583014462527 0
1621519736276 2726.0024786606627 1
1621519738719 677.2893966381206 2
1621519741119 280.4641856449208 3
1621519743527 251.88433037341636 4
1621519746685 245.03941826181415 5
1621519749137 238.64230781670116 6
1621519751566 231.643481674141 7
1621519753979 227.7397723083353 8
1621519756391 220.95902172221284 9
1621519759227 220.09371199602688 10
1621519761647 216.76194768941573 11
1621519764070 214.16043182494928 12
1621519766475 210.73750088667023 13
1621519768877 209.69234405882057 14
1621519771689 210.23656648177948 15
1621519774116 207.65174143257116 16
1621519776518 202.9776572660523 17
1621519778901 198.41307116770068 18
1621519781290 192.52130552122838 19
1621519784090 189.496794392072 20
1621519786513 185.1627984059769 21
1621519788953 181.09831254993833 22
1621519791388 179.7023779011256 23
1621519793791 176.3916184731274 24
1621519796595 173.4298024339266 25
1621519799004 175.83944969616766 26
1621519801412 172.99336708165958 27
1621519803821 169.1084843580838 28
1621519806231 170.03607031928917 29
1621519809053 166.2151905064235 30
1621519811488 171.25203618866198 31
1621519813923 170.11065848584232 32
1621519816354 168.41257112380677 33
1621519818771 163.49126060474075 34
1621519821580 163.34255385143803 35
1621519824058 163.29808092265733 36
1621519826465 160.36218216020276 37
1621519828880 162.3333200261677 38
1621519831294 160.73090131506288 39
1621519834109 160.1231933142757 40
1621519836530 161.30482171760107 41
1621519838949 160.81422207668814 42
1621519841371 160.41267924168983 43
1621519843786 159.81038112282152 44
1621519846615 159.34626516405424 45
1621519849077 156.8460300840614 46
1621519851505 158.0538055375787 47
1621519853922 156.4948766852159 48
1621519856367 161.3494906530835 49
