1621519733872 70.11114741175939 0
1621519736276 48.54091473122431 1
1621519738719 21.97360580423803 2
1621519741119 12.998705122064878 3
1621519743527 11.9143442293094 4
1621519746685 11.785897591316107 5
1621519749137 11.54332181255167 6
1621519751566 11.350970545653642 7
1621519753979 11.259737541117694 8
1621519756391 10.999525684222569 9
1621519759227 10.98814882918232 10
1621519761647 10.858997680000288 11
1621519764070 10.777131228824143 12
1621519766475 10.673362823820115 13
1621519768877 10.66146973000523 14
1621519771689 10.70429324995067 15
1621519774116 10.59379619541905 16
1621519776518 10.483060981700508 17
1621519778901 10.416989902320566 18
1621519781290 10.233077754050568 19
1621519784090 10.17917081554833 20
1621519786513 10.03057615113349 21
1621519788953 9.860823561102125 22
1621519791388 9.843102104965654 23
1621519793791 9.766667460462697 24
1621519796595 9.653442102101916 25
1621519799004 9.76238939406375 26
1621519801412 9.663754770001791 27
1621519803821 9.525819492068813 28
1621519806231 9.523423018857715 29
1621519809053 9.401988029708326 30
1621519811488 9.637759574517256 31
1621519813923 9.607644659808999 32
1621519816354 9.536136137193663 33
1621519818771 9.302180682785867 34
1621519821580 9.321827370626929 35
1621519824058 9.313368593909695 36
1621519826465 9.179532649627555 37
1621519828880 9.313822934808634 38
1621519831294 9.202361985375298 39
1621519834109 9.213406221071347 40
1621519836530 9.274763264456812 41
1621519838949 9.242104824485516 42
1621519841371 9.192289064627674 43
1621519843786 9.181973444713446 44
1621519846615 9.173977008859074 45
1621519849077 9.044229555773484 46
1621519851505 9.12193459103808 47
1621519853922 9.04917950664029 48
1621519856367 9.277943684051403 49
