1619257017875 5433.394693551395 0
1619257026686 2974.3691585319198 1
1619257035512 877.676367570623 2
1619257044335 307.37422544155316 3
1619257053132 268.29986122124546 4
1619257064146 254.39454059202535 5
1619257072957 254.901933875441 6
1619257081777 241.3065309868842 7
1619257090612 248.42961502684307 8
1619257099495 223.97030382619337 9
1619257109555 229.9401646326863 10
1619257118421 220.01906446040775 11
1619257127283 210.70224862347578 12
1619257136175 233.32008177121236 13
1619257145057 215.7838739918384 14
1619257155075 203.25905331486905 15
1619257163946 208.89344394950345 16
1619257172818 209.604266011067 17
1619257181663 199.28835347274105 18
1619257190515 196.09128187955707 19
1619257200537 197.92262370998287 20
1619257209388 197.0986391016917 21
1619257218219 184.35596752473282 22
1619257227067 186.9572493969236 23
1619257235922 185.80524977734314 24
1619257245945 185.97871234228444 25
1619257254816 182.2146017224371 26
1619257263684 180.4413793143121 27
1619257272566 173.79842788547253 28
1619257281423 182.96067025586663 29
1619257291450 169.50304662482458 30
1619257300291 175.50458261877367 31
1619257309151 164.36536100178063 32
1619257318003 160.5857155601331 33
1619257326858 165.04504707187232 34
1619257336931 161.1811125502786 35
1619257345819 161.69382721574414 36
1619257354671 155.27005684745828 37
1619257363540 165.4973176056314 38
1619257372391 150.27659765049367 39
1619257382451 147.2348574208093 40
1619257391287 145.07926441810676 41
1619257400147 146.06548029783687 42
1619257409014 137.61186117212546 43
1619257417856 140.71650202056833 44
1619257427874 142.6986184603215 45
1619257436767 139.20729870487 46
1619257445653 133.70234143493448 47
1619257454546 133.86002090055726 48
1619257463430 140.56485890791393 49
