1619257017875 68.79748759032299 0
1619257026686 50.694131491227395 1
1619257035512 25.109573263477596 2
1619257044335 13.946264965705325 3
1619257053132 12.760510985148189 4
1619257064146 12.357729033774373 5
1619257072957 12.341489647245762 6
1619257081777 11.92576779748271 7
1619257090612 12.14032555613304 8
1619257099495 11.361386461141056 9
1619257109555 11.64339709000603 10
1619257118421 11.291344923364269 11
1619257127283 10.963756349237407 12
1619257136175 11.719087727276566 13
1619257145057 11.192480348881665 14
1619257155075 10.759033707322722 15
1619257163946 10.998062393452372 16
1619257172818 10.973342214311872 17
1619257181663 10.613715934092887 18
1619257190515 10.572308498774378 19
1619257200537 10.624110488863124 20
1619257209388 10.56381909416086 21
1619257218219 10.100128257126057 22
1619257227067 10.200784327411677 23
1619257235922 10.184072224480726 24
1619257245945 10.197681651166738 25
1619257254816 10.05447781194985 26
1619257263684 10.086049553024115 27
1619257272566 9.869651233576667 28
1619257281423 10.212718450802843 29
1619257291450 9.693402194468554 30
1619257300291 9.880811496012624 31
1619257309151 9.522532380823943 32
1619257318003 9.409061475985999 33
1619257326858 9.571202116524978 34
1619257336931 9.48981036908114 35
1619257345819 9.554971595293326 36
1619257354671 9.228128858636332 37
1619257363540 9.612178329222704 38
1619257372391 9.105905092536538 39
1619257382451 8.958709278948765 40
1619257391287 8.901593632199003 41
1619257400147 8.931394785310752 42
1619257409014 8.59102917685581 43
1619257417856 8.761159737888386 44
1619257427874 8.774985150517837 45
1619257436767 8.722333028686661 46
1619257445653 8.48888398069157 47
1619257454546 8.530629460973731 48
1619257463430 8.78013003781437 49
