1619253286409 5704.737775136595 0
1619253290812 2704.385518651183 1
1619253295248 625.2690895804564 2
1619253299697 299.0014423688909 3
1619253304149 293.16284686974075 4
1619253310209 267.3888658409637 5
1619253314664 259.5980419029398 6
1619253319142 246.65831733291375 7
1619253323612 243.80620819089626 8
1619253328071 262.4287267850456 9
1619253333129 235.44514090570001 10
1619253337571 245.07831583208414 11
1619253342070 248.38902702231064 12
1619253346694 233.28641094023914 13
1619253351308 220.80565068512496 14
1619253356496 216.052119338369 15
1619253360940 219.49065611698012 16
1619253365379 208.4446187220647 17
1619253369807 212.86687995832978 18
1619253374228 212.6056757761489 19
1619253379275 211.04191802806886 20
1619253383693 203.09253487594103 21
1619253388142 206.3406824163672 22
1619253392570 201.53197245537754 23
1619253397003 201.89062568000298 24
1619253402042 202.02758188031106 25
1619253406496 201.76539912712298 26
1619253410948 198.04480730753195 27
1619253415380 197.76057832633302 28
1619253419844 202.46344776904445 29
1619253424880 203.61754316328734 30
1619253429316 195.28095724893785 31
1619253433772 195.05592697490073 32
1619253438214 196.558082481173 33
1619253442645 191.2584803270226 34
1619253447666 206.73533432453291 35
1619253452084 197.01409046897908 36
1619253456515 191.18990189546943 37
1619253460939 206.93324455651742 38
1619253465360 192.42058806501862 39
1619253470386 198.34125798132322 40
1619253474837 196.97813951274105 41
1619253479275 191.35315364941656 42
1619253483695 194.89043926142065 43
1619253488105 196.6118364695969 44
1619253493116 198.46986078813745 45
1619253497547 188.81700845130305 46
1619253501996 192.98447976825568 47
1619253506459 188.1603340316754 48
1619253510879 203.63206043516334 49
