1619253286409 71.68093766213617 0
1619253290812 47.9887238104182 1
1619253295248 20.718714001662978 2
1619253299697 13.770475549426989 3
1619253304149 13.432580713038684 4
1619253310209 12.692189938370134 5
1619253314664 12.444705841269215 6
1619253319142 12.054885533014344 7
1619253323612 11.940345730689563 8
1619253328071 12.458540521109665 9
1619253333129 11.56874618949844 10
1619253337571 11.947710574322462 11
1619253342070 12.072242648964583 12
1619253346694 11.461756282457976 13
1619253351308 11.091731990250166 14
1619253356496 10.964096415515574 15
1619253360940 11.079418729240464 16
1619253365379 10.617228114970716 17
1619253369807 10.828504134999854 18
1619253374228 10.806706232592466 19
1619253379275 10.747178522048747 20
1619253383693 10.431555947315788 21
1619253388142 10.546449117985723 22
1619253392570 10.349478245698032 23
1619253397003 10.39113797093911 24
1619253402042 10.396131710080462 25
1619253406496 10.437616017973617 26
1619253410948 10.288542335598784 27
1619253415380 10.234993799866379 28
1619253419844 10.426008472902932 29
1619253424880 10.51703917551628 30
1619253429316 10.15878415666136 31
1619253433772 10.138111158970998 32
1619253438214 10.24010478093241 33
1619253442645 10.001283651536458 34
1619253447666 10.543439968171862 35
1619253452084 10.285532478217918 36
1619253456515 9.965490088561612 37
1619253460939 10.685289391964163 38
1619253465360 10.073367786550044 39
1619253470386 10.312573325246172 40
1619253474837 10.263582779468909 41
1619253479275 10.051526082201073 42
1619253483695 10.184878062869235 43
1619253488105 10.232714086866483 44
1619253493116 10.325788286034896 45
1619253497547 9.901523110229553 46
1619253501996 10.129951011313912 47
1619253506459 9.89793354629698 48
1619253510879 10.577218426006276 49
