1621748651701 5700.284333016225 0
1621748654733 2578.4657568745215 1
1621748657764 558.2621582470101 2
1621748660809 257.87408150932055 3
1621748663855 246.004524642109 4
1621748667979 231.97750106814783 5
1621748671056 231.79613397706487 6
1621748674109 224.19706871525338 7
1621748677165 222.96852552406202 8
1621748680215 213.47785354541477 9
1621748683737 218.04702995486588 10
1621748686822 225.14967323053924 11
1621748689904 217.97220407951562 12
1621748693010 211.3166125211935 13
1621748696115 206.8761838851997 14
1621748699693 208.98072586825387 15
1621748702843 202.20112117024055 16
1621748705988 215.94868216572635 17
1621748709117 209.70060249850565 18
1621748712195 205.58545992934017 19
1621748715725 222.58564886045752 20
1621748718784 234.50492288922555 21
1621748721860 216.19561171000424 22
1621748724924 197.75303158909773 23
1621748727963 195.08302471806945 24
1621748731456 205.87178375207208 25
1621748734481 193.56270013813142 26
1621748737550 192.28699036361468 27
1621748740598 204.10736594747002 28
1621748743643 193.1453309226496 29
1621748747159 197.2304408905166 30
1621748750195 195.5088249484084 31
1621748753241 190.58554797451922 32
1621748756291 207.28518959404423 33
1621748759344 192.6615695742905 34
1621748762849 192.90464468349245 35
1621748765909 189.61748837959624 36
1621748768976 190.4137001344468 37
1621748772046 191.41521300096363 38
1621748775114 193.67394143131236 39
1621748778603 187.91870463597968 40
1621748781665 191.92190451386764 41
1621748784738 191.8777009772942 42
1621748787801 191.92834469506076 43
1621748790861 185.3785550686493 44
1621748794355 183.59775191751282 45
1621748797396 186.98633952862835 46
1621748800486 184.8813107177491 47
1621748803555 183.475572206002 48
1621748806608 182.8044188032288 49
