1621748651701 71.43903912755869 0
1621748654733 46.982631479674595 1
1621748657764 19.631441240982117 2
1621748660809 12.395685657722005 3
1621748663855 11.918551999614392 4
1621748667979 11.327311237995383 5
1621748671056 11.385073659088532 6
1621748674109 11.179632668920519 7
1621748677165 11.08210505469716 8
1621748680215 10.710914655199185 9
1621748683737 10.952573717654603 10
1621748686822 11.174138628308642 11
1621748689904 10.915593957293371 12
1621748693010 10.674600038306437 13
1621748696115 10.571172090308933 14
1621748699693 10.580979168198665 15
1621748702843 10.35647462513673 16
1621748705988 10.897483503605502 17
1621748709117 10.671739830871982 18
1621748712195 10.492574196910065 19
1621748715725 11.037446500126846 20
1621748718784 11.367134237625493 21
1621748721860 10.939247725739245 22
1621748724924 10.177871137817126 23
1621748727963 10.095183106362205 24
1621748731456 10.495684535798546 25
1621748734481 10.040978884131762 26
1621748737550 10.015315838638147 27
1621748740598 10.417699029354504 28
1621748743643 10.058652194477938 29
1621748747159 10.194614381750105 30
1621748750195 10.157089464298014 31
1621748753241 9.923200523521482 32
1621748756291 10.57594917436134 33
1621748759344 10.020833600668107 34
1621748762849 10.030949665981229 35
1621748765909 9.942542143730945 36
1621748768976 9.903163522861687 37
1621748772046 9.984350052661995 38
1621748775114 10.075079721565 39
1621748778603 9.864475760314273 40
1621748781665 10.016529198056771 41
1621748784738 10.018770745549583 42
1621748787801 10.064108157230882 43
1621748790861 9.746702563544563 44
1621748794355 9.645499512743099 45
1621748797396 9.824627491064392 46
1621748800486 9.709202527643447 47
1621748803555 9.62884105281269 48
1621748806608 9.664106195623225 49
