1621751017357 5380.0915666113515 0
1621751023035 2929.801868805532 1
1621751028725 847.6529416212697 2
1621751034433 297.9652665101876 3
1621751040139 248.22959957142976 4
1621751047263 234.51024800530735 5
1621751052970 230.97999845540792 6
1621751058676 218.44668465316428 7
1621751064394 217.90490700127046 8
1621751070115 212.66876129035847 9
1621751076630 207.42598182825833 10
1621751082362 201.82592656076804 11
1621751088116 201.73997148387582 12
1621751093852 199.7678025136521 13
1621751099606 204.50589101524125 14
1621751106124 188.40896764529444 15
1621751111870 196.79198715038777 16
1621751117611 184.92289938643006 17
1621751123354 189.6419162179499 18
1621751129113 189.2167249894376 19
1621751135666 186.26033162472444 20
1621751141429 181.6840627985246 21
1621751147206 172.17400970120414 22
1621751152998 170.0040357764663 23
1621751158758 192.31536603617164 24
1621751165328 167.35377236868928 25
1621751171100 161.00042765870725 26
1621751176868 163.4507816324902 27
1621751182629 159.32376133186028 28
1621751188416 159.37945044006318 29
1621751194980 154.28487362367323 30
1621751200742 145.48055989296867 31
1621751206556 145.49711726120847 32
1621751212325 150.71407603859578 33
1621751218101 141.85323371631696 34
1621751224657 140.30782312910102 35
1621751230417 139.25328307862458 36
1621751236222 139.85112914823895 37
1621751242001 140.94607771009308 38
1621751247803 143.2380617707841 39
1621751254411 133.1712329762377 40
1621751260184 138.80573957266952 41
1621751265960 132.0370568585406 42
1621751271744 130.73570995086772 43
1621751277536 132.78433585285094 44
1621751284134 129.35127367481985 45
1621751289922 126.9477754460038 46
1621751295710 134.2994193355993 47
1621751301507 131.2441541466356 48
1621751307296 131.69654795848763 49
