1621751017357 68.6834817410969 0
1621751023035 50.347734476330785 1
1621751028725 24.75557071178805 2
1621751034433 13.755889889947872 3
1621751040139 12.1536583814919 4
1621751047263 11.682045348891055 5
1621751052970 11.669872485080674 6
1621751058676 11.189394724210096 7
1621751064394 11.181203905605576 8
1621751070115 11.028986083213573 9
1621751076630 10.883045340841138 10
1621751082362 10.637041607547388 11
1621751088116 10.708811583266932 12
1621751093852 10.646473070489591 13
1621751099606 10.831252107853008 14
1621751106124 10.234516101556572 15
1621751111870 10.562615423445962 16
1621751117611 10.135126056896198 17
1621751123354 10.34872064059855 18
1621751129113 10.343159314304238 19
1621751135666 10.223911539684536 20
1621751141429 10.079183196906781 21
1621751147206 9.746309710352858 22
1621751152998 9.668107250632012 23
1621751158758 10.520194565599947 24
1621751165328 9.606615651156405 25
1621751171100 9.414128949067036 26
1621751176868 9.567537850619495 27
1621751182629 9.39908764740706 28
1621751188416 9.430834673832544 29
1621751194980 9.243062315993205 30
1621751200742 8.874855660938344 31
1621751206556 8.895440744018302 32
1621751212325 9.088463809665571 33
1621751218101 8.744914228091544 34
1621751224657 8.718591781746577 35
1621751230417 8.721899404506575 36
1621751236222 8.671277443668442 37
1621751242001 8.733500307351811 38
1621751247803 8.854788244827397 39
1621751254411 8.416871884855862 40
1621751260184 8.707118593044322 41
1621751265960 8.412806392247493 42
1621751271744 8.357031926445664 43
1621751277536 8.419971141218335 44
1621751284134 8.300779619342103 45
1621751289922 8.164903148276718 46
1621751295710 8.479133187746825 47
1621751301507 8.380130296492817 48
1621751307296 8.424842539073506 49
