1619252768529 5722.795126232191 0
1619252772897 2672.473376531758 1
1619252777298 600.1825787358296 2
1619252781710 266.2284028422682 3
1619252786143 256.4187753356512 4
1619252792190 312.83817928952664 5
1619252796644 254.83977473295565 6
1619252801094 238.06384558578213 7
1619252805573 234.5550556814254 8
1619252810047 239.07141657718145 9
1619252815111 231.11610102794378 10
1619252819571 220.88641956606617 11
1619252824016 222.82258054893907 12
1619252828472 229.0897682044925 13
1619252832911 219.63397324337282 14
1619252837937 218.941631796997 15
1619252842381 209.8536563052345 16
1619252846802 212.344745351656 17
1619252851223 212.5709854042334 18
1619252855626 217.67289958526683 19
1619252860628 216.7138143645204 20
1619252865026 203.64507147000847 21
1619252869453 207.0233996338273 22
1619252873909 204.7456804493988 23
1619252878362 203.79685936210385 24
1619252883398 204.0320774245926 25
1619252887816 205.97359580121923 26
1619252892266 199.32140925139848 27
1619252896701 198.99357254224935 28
1619252901135 200.3374299772899 29
1619252906209 200.4726082065941 30
1619252910666 196.30231170860688 31
1619252915096 197.08967097166925 32
1619252919520 198.7846415311898 33
1619252923954 197.32851089843612 34
1619252929006 194.41707511310383 35
1619252933485 201.42787743850374 36
1619252937934 194.08752359827616 37
1619252942414 198.9906938071776 38
1619252946838 199.20533871387616 39
1619252951882 197.52104774899286 40
1619252956313 195.77601647433025 41
1619252960755 192.96869943536896 42
1619252965200 196.4991772083351 43
1619252969661 190.15398213898507 44
1619252974690 193.84380260572627 45
1619252979136 188.9279362783149 46
1619252983562 192.5254890146973 47
1619252987992 193.3257976528452 48
1619252992448 192.78781417854285 49
