1619252768529 71.67629710341583 0
1619252772897 47.84009935223285 1
1619252777298 20.34249239422091 2
1619252781710 12.730714194959802 3
1619252786143 12.300500513659157 4
1619252792190 13.721192453750607 5
1619252796644 12.308014202993723 6
1619252801094 11.717510266635667 7
1619252805573 11.574365758756697 8
1619252810047 11.787769996543673 9
1619252815111 11.459769002719309 10
1619252819571 11.066749192221085 11
1619252824016 11.142857460124626 12
1619252828472 11.429016985621343 13
1619252832911 11.070314435455785 14
1619252837937 11.04794134869307 15
1619252842381 10.673169290500917 16
1619252846802 10.791067234755428 17
1619252851223 10.842807253187658 18
1619252855626 11.006207106163844 19
1619252860628 10.965370650680802 20
1619252865026 10.467323791974803 21
1619252869453 10.640122108394296 22
1619252873909 10.541758462272183 23
1619252878362 10.486196510068902 24
1619252883398 10.484662274376747 25
1619252887816 10.599837056918528 26
1619252892266 10.329925638878992 27
1619252896701 10.314841534002248 28
1619252901135 10.394510226664853 29
1619252906209 10.357866412763148 30
1619252910666 10.212242306785125 31
1619252915096 10.234598504068707 32
1619252919520 10.335364978220264 33
1619252923954 10.314198346225242 34
1619252929006 10.113217502096212 35
1619252933485 10.460762648461271 36
1619252937934 10.162058645731666 37
1619252942414 10.323691966568116 38
1619252946838 10.360696446558688 39
1619252951882 10.335670053725515 40
1619252956313 10.237709669945646 41
1619252960755 10.144386853579059 42
1619252965200 10.289494543522968 43
1619252969661 9.96651293254284 44
1619252974690 10.169385227383417 45
1619252979136 9.949961924014875 46
1619252983562 10.109152379134054 47
1619252987992 10.1327196586138 48
1619252992448 10.12838469429475 49
