1619253031067 5841.382466180779 0
1619253035499 2602.3371098512193 1
1619253039959 560.9318582172656 2
1619253044417 264.8409138042205 3
1619253048880 255.41599219096736 4
1619253055010 250.98285624917617 5
1619253059526 250.92401700723534 6
1619253064051 252.37632466862954 7
1619253068551 267.06085326740003 8
1619253073040 229.17774161931297 9
1619253078145 233.79029071574587 10
1619253082599 222.77293334513396 11
1619253087082 233.31318666831942 12
1619253091526 223.96425333360492 13
1619253095973 219.34816271209664 14
1619253101037 224.1202626277554 15
1619253105503 208.3113191759 16
1619253110012 206.73859412306746 17
1619253114487 220.45011376971374 18
1619253118952 210.5072492022544 19
1619253124036 217.53524288954986 20
1619253128522 222.78412471479848 21
1619253133006 216.81602776424822 22
1619253137472 207.83011184272 23
1619253141952 214.27372683692573 24
1619253146996 208.29147432503382 25
1619253151464 199.5710358004931 26
1619253155947 209.01334432538246 27
1619253160439 199.5258612641917 28
1619253164913 204.393270570086 29
1619253169999 200.75013727804702 30
1619253174455 205.2470754255576 31
1619253178937 200.93487878075578 32
1619253183412 197.29589982357638 33
1619253187867 203.48389663527917 34
1619253192926 198.45716882351158 35
1619253197397 192.71344526737212 36
1619253201863 193.3453082746396 37
1619253206363 193.772148563029 38
1619253210828 199.47869271906853 39
1619253215921 195.85215394617595 40
1619253220425 196.12887792559445 41
1619253224889 190.79300900595956 42
1619253229345 190.04359399427966 43
1619253233849 197.104807770803 44
1619253238919 192.0133166809799 45
1619253243427 190.99409662576522 46
1619253247909 187.92189168071224 47
1619253252385 189.37961421892416 48
1619253256839 186.5010831632877 49
