1619253031067 71.56365204970845 0
1619253035499 46.979482217336404 1
1619253039959 19.636619004777565 2
1619253044417 12.618289428477933 3
1619253048880 12.236796257631154 4
1619253055010 12.076586882737283 5
1619253059526 12.059644271922279 6
1619253064051 12.212518265385334 7
1619253068551 12.581822385005173 8
1619253073040 11.343020449263808 9
1619253078145 11.461933763169593 10
1619253082599 11.115962532395407 11
1619253087082 11.544131942225443 12
1619253091526 11.184817919809555 13
1619253095973 10.987586030588716 14
1619253101037 11.185160996456151 15
1619253105503 10.55008588095547 16
1619253110012 10.506575337761177 17
1619253114487 11.10797222274864 18
1619253118952 10.703466040643244 19
1619253124036 10.899920242099377 20
1619253128522 11.161509712302339 21
1619253133006 10.913802337076195 22
1619253137472 10.592023717573786 23
1619253141952 10.893696569349194 24
1619253146996 10.618439051539243 25
1619253151464 10.29368830647105 26
1619253155947 10.716227984813692 27
1619253160439 10.285322323213432 28
1619253164913 10.484959633654018 29
1619253169999 10.30556599773223 30
1619253174455 10.523613155104558 31
1619253178937 10.390063320520282 32
1619253183412 10.221765502098151 33
1619253187867 10.517061359459559 34
1619253192926 10.235522209914832 35
1619253197397 10.068892655325435 36
1619253201863 10.070945265998006 37
1619253206363 10.070751680702877 38
1619253210828 10.303678166665174 39
1619253215921 10.248266910075836 40
1619253220425 10.20931456811557 41
1619253224889 9.985279467858275 42
1619253229345 9.95742359699079 43
1619253233849 10.26700720614264 44
1619253238919 10.027023453113998 45
1619253243427 10.015882454453443 46
1619253247909 9.871780055574211 47
1619253252385 9.957098638051564 48
1619253256839 9.860863010968366 49
