1619256536847 5426.618902989999 0
1619256545391 2966.4727282067574 1
1619256553960 865.8525392428602 2
1619256562543 312.8108656936062 3
1619256571188 288.7219824806281 4
1619256582045 259.60333523885674 5
1619256590680 255.61911463541207 6
1619256599356 234.25492464562373 7
1619256608046 243.67034694411453 8
1619256616723 239.91715624503345 9
1619256626601 215.54553167092652 10
1619256635331 214.49958575850928 11
1619256644072 232.65596928928838 12
1619256652796 230.0495161690904 13
1619256661543 214.19272698437072 14
1619256671461 203.72982290101942 15
1619256680224 215.5123948827233 16
1619256689000 202.27361862530364 17
1619256697790 217.84744455712365 18
1619256706562 210.34752825532968 19
1619256716548 193.21659103307172 20
1619256725385 196.67757705028106 21
1619256734223 203.3500087617718 22
1619256743042 200.31029010631343 23
1619256751877 195.51331101190056 24
1619256761876 193.38094609756175 25
1619256770728 187.7231111820168 26
1619256779573 185.44641914396945 27
1619256788424 178.27981457299808 28
1619256797277 172.8849155774168 29
1619256807327 174.45239831357927 30
1619256816171 178.88330294968583 31
1619256825001 170.36705588357034 32
1619256833863 167.6992040939937 33
1619256842724 168.1525537889417 34
1619256852766 159.9226325504803 35
1619256861603 153.4483143334772 36
1619256870463 162.47373701576186 37
1619256879323 155.5135892551581 38
1619256888165 155.14188671165456 39
1619256898179 155.2676186946531 40
1619256907034 150.79750988181493 41
1619256915880 150.95073875201163 42
1619256924730 142.5084164497248 43
1619256933587 144.26552699828113 44
1619256943627 146.62704270073348 45
1619256952483 138.52489090321794 46
1619256961350 154.8143044974396 47
1619256970199 141.5463549937078 48
1619256979052 143.35711702260141 49
