1619256536847 68.81189731849219 0
1619256545391 50.63690583739472 1
1619256553960 24.937033998771668 2
1619256562543 14.149752811026628 3
1619256571188 13.516586244757676 4
1619256582045 12.607561933908514 5
1619256590680 12.415216424940157 6
1619256599356 11.708462483132935 7
1619256608046 12.079787847168761 8
1619256616723 11.991081729254729 9
1619256626601 11.10008857309691 10
1619256635331 11.050875224841294 11
1619256644072 11.778430591903074 12
1619256652796 11.666996042639875 13
1619256661543 11.09853443772029 14
1619256671461 10.740059771635773 15
1619256680224 11.244707827086204 16
1619256689000 10.722281981530042 17
1619256697790 11.34922997751717 18
1619256706562 11.089063959090259 19
1619256716548 10.455198174487244 20
1619256725385 10.55615825471925 21
1619256734223 10.748114743810294 22
1619256743042 10.731408937447618 23
1619256751877 10.534461521586689 24
1619256761876 10.439236993206073 25
1619256770728 10.317781665587548 26
1619256779573 10.235134103179876 27
1619256788424 10.003216332714711 28
1619256797277 9.80654938190374 29
1619256807327 9.874638765342716 30
1619256816171 10.016684715057096 31
1619256825001 9.723413239840912 32
1619256833863 9.623434045868873 33
1619256842724 9.695916860538636 34
1619256852766 9.371603678943057 35
1619256861603 9.140331020750356 36
1619256870463 9.504831742640144 37
1619256879323 9.194652760772676 38
1619256888165 9.222322420599975 39
1619256898179 9.299555178390461 40
1619256907034 9.130973399329422 41
1619256915880 9.090553871325495 42
1619256924730 8.766870963213279 43
1619256933587 8.830460812296325 44
1619256943627 8.93181768618721 45
1619256952483 8.60028155344464 46
1619256961350 9.317143624918021 47
1619256970199 8.731885826756024 48
1619256979052 8.86403977217086 49
