1621751725923 5395.951860326958 0
1621751731583 2922.97629922474 1
1621751737257 841.3677645596016 2
1621751742934 296.37980530254725 3
1621751748618 248.44037180896362 4
1621751755657 233.9710291257391 5
1621751761339 226.7965510686568 6
1621751767010 222.47745244657227 7
1621751772710 218.096937098522 8
1621751778409 217.23622809153932 9
1621751784903 206.70511907309307 10
1621751790598 204.8612132323905 11
1621751796306 210.46444334466773 12
1621751802025 199.69215807958142 13
1621751807742 198.22008981647954 14
1621751814250 190.0367109080652 15
1621751819973 194.89894147258713 16
1621751825729 185.45479618783904 17
1621751831448 197.30100985560006 18
1621751837162 191.2880853533861 19
1621751843672 180.89030670507117 20
1621751849377 183.35458547011015 21
1621751855105 172.35447362495512 22
1621751860845 175.0654715557465 23
1621751866591 170.78357456480109 24
1621751873113 162.7768357743658 25
1621751878863 160.65349663737462 26
1621751884598 157.07122384108865 27
1621751890373 160.007054388821 28
1621751896109 151.1728278593731 29
1621751902675 153.27190828348085 30
1621751908430 142.0552673950537 31
1621751914186 144.5370151545168 32
1621751919956 150.34708477428686 33
1621751925820 137.73591674870502 34
1621751932455 140.96594413262284 35
1621751938254 141.4443651710401 36
1621751944035 139.70247045512656 37
1621751949849 135.18005563098254 38
1621751955645 151.31248865281225 39
1621751962258 131.43669022954717 40
1621751968070 131.79631211734275 41
1621751973886 126.91834272117228 42
1621751979700 126.6931792883496 43
1621751985507 133.47493747899216 44
1621751992113 125.00323514568734 45
1621751997894 138.44169093844502 46
1621752003659 124.48095422111156 47
1621752009438 127.16053336893235 48
1621752015236 124.80173599176399 49
