1621751725923 68.65803781443782 0
1621751731583 50.337039083046506 1
1621751737257 24.69834774548052 2
1621751742934 13.683920885960212 3
1621751748618 12.15163837829812 4
1621751755657 11.641674747684185 5
1621751761339 11.461574092843868 6
1621751767010 11.287066515583243 7
1621751772710 11.188771112237648 8
1621751778409 11.184049324134685 9
1621751784903 10.842994870875117 10
1621751790598 10.777727621503406 11
1621751796306 11.047757681022796 12
1621751802025 10.590598324161304 13
1621751807742 10.564745750658235 14
1621751814250 10.314733897156701 15
1621751819973 10.52633698343615 16
1621751825729 10.15799003166232 17
1621751831448 10.665581796668782 18
1621751837162 10.408749737011892 19
1621751843672 10.0366685823327 20
1621751849377 10.197913793033006 21
1621751855105 9.77012193512225 22
1621751860845 9.844048307775706 23
1621751866591 9.72194293329302 24
1621751873113 9.442133962871983 25
1621751878863 9.447276134956502 26
1621751884598 9.349063036297089 27
1621751890373 9.46467488412699 28
1621751896109 9.133685652941667 29
1621751902675 9.22594562560815 30
1621751908430 8.735216371378717 31
1621751914186 8.872104670148431 32
1621751919956 9.077465571834686 33
1621751925820 8.597911301507189 34
1621751932455 8.736916830926182 35
1621751938254 8.76312163517723 36
1621751944035 8.71304994952196 37
1621751949849 8.51690943385536 38
1621751955645 9.153765926994323 39
1621751962258 8.309879996257798 40
1621751968070 8.391093065324215 41
1621751973886 8.214792876904813 42
1621751979700 8.159816486591291 43
1621751985507 8.46221751212342 44
1621751992113 8.078039569990006 45
1621751997894 8.70124731011831 46
1621752003659 8.067899409213183 47
1621752009438 8.192479600545058 48
1621752015236 8.132942526827428 49
