1618560538608 4247.215564607984 0
1618560575716 516.0275114340241 1
1618560613964 277.5736023598672 2
1618560653858 250.13779170427455 3
1618560693072 256.8052043992798 4
1618560736654 239.80950190771588 5
1618560775706 225.41667541275342 6
1618560814344 222.1950103287436 7
1618560855738 213.79946248309457 8
1618560895030 202.41270724154072 9
1618560938418 195.62098902523226 10
1618560978693 196.81507898145398 11
1618561018672 185.23362798457242 12
1618561057578 181.9594244654777 13
1618561096869 188.8416603343323 14
1618561141239 175.6932885682328 15
1618561180813 180.8450767002014 16
1618561220104 170.6972576905349 17
1618561259742 173.60561036791867 18
1618561301068 173.68452871534373 19
1618561344150 179.30448940508114 20
1618561384279 171.72887009083058 21
1618561426468 166.80025809103768 22
1618561466237 164.1147793615666 23
1618561505921 165.55601934117007 24
1618561550961 163.51397208825145 25
1618561590880 165.55545214857898 26
1618561630596 160.96376925831598 27
1618561670328 158.63870361096053 28
1618561709808 166.93864768859686 29
1618561754154 163.60385582171233 30
1618561794613 167.18694953302105 31
1618561834858 158.80764274547116 32
1618561876283 157.69893339949394 33
1618561916226 158.8337879813153 34
1618561960663 159.23172046699995 35
1618562000603 159.79856108004276 36
1618562040096 155.6691071073105 37
1618562079365 156.97978694280164 38
1618562118909 174.75615198903515 39
1618562163327 153.22333343605527 40
1618562203144 154.8072455129132 41
1618562243063 153.53186371157676 42
1618562283140 152.2214604390251 43
1618562322892 153.40714547847193 44
1618562369203 153.3091933718473 45
1618562411784 153.3004053951793 46
1618562453672 150.7489823790216 47
1618562494933 153.8414302870172 48
1618562536714 148.03296045455934 49
