1618560538608 59.721115090237305 0
1618560575716 18.307442259255783 1
1618560613964 12.868570041421755 2
1618560653858 11.931710054611115 3
1618560693072 12.22947986454011 4
1618560736654 11.697623211492315 5
1618560775706 11.294995749653573 6
1618560814344 11.299143784777634 7
1618560855738 11.017100732595111 8
1618560895030 10.662563618267226 9
1618560938418 10.452820588374832 10
1618560978693 10.555588434439686 11
1618561018672 10.117916931872967 12
1618561057578 10.030779287078472 13
1618561096869 10.289857120162994 14
1618561141239 9.774659243360803 15
1618561180813 10.036122490885184 16
1618561220104 9.594615891788319 17
1618561259742 9.756725085216532 18
1618561301068 9.748213673588774 19
1618561344150 10.004805512579951 20
1618561384279 9.685319291358033 21
1618561426468 9.492275273622585 22
1618561466237 9.35130135048565 23
1618561505921 9.461578917226372 24
1618561550961 9.385790437002967 25
1618561590880 9.455714976333958 26
1618561630596 9.239985270319835 27
1618561670328 9.152624005736392 28
1618561709808 9.581451296289131 29
1618561754154 9.387297931928023 30
1618561794613 9.567617244848151 31
1618561834858 9.190139532452305 32
1618561876283 9.144869334728938 33
1618561916226 9.210768427429892 34
1618561960663 9.229404111272995 35
1618562000603 9.244228890133272 36
1618562040096 9.053855593373406 37
1618562079365 9.156190308113265 38
1618562118909 9.77611074678627 39
1618562163327 8.990272930210041 40
1618562203144 9.025558784906774 41
1618562243063 8.964283391806903 42
1618562283140 8.924974919265162 43
1618562322892 9.0118916796393 44
1618562369203 8.983634674523186 45
1618562411784 9.022563028896846 46
1618562453672 8.893556021544327 47
1618562494933 9.022975590428358 48
1618562536714 8.785578872639817 49
