1621746785006 5693.464565491909 0
1621746788034 2583.857895756698 1
1621746791065 561.5732792683018 2
1621746794102 269.8715448896172 3
1621746797111 259.76242754883197 4
1621746801224 241.25627239968944 5
1621746804286 237.4153077560124 6
1621746807351 234.7436162840389 7
1621746810411 223.35820574572716 8
1621746813457 249.12091549036722 9
1621746816948 217.79006241832144 10
1621746820012 216.69829334631893 11
1621746823071 207.44680656758442 12
1621746826149 219.58519006700476 13
1621746829198 217.79279470508223 14
1621746832694 222.10214197225756 15
1621746835713 203.04356823563617 16
1621746838754 209.5056026662687 17
1621746841792 213.7986559897392 18
1621746844823 210.93628337037532 19
1621746848306 202.2489909755044 20
1621746851343 202.38396356473606 21
1621746854392 212.06173111866775 22
1621746857413 204.36157632174505 23
1621746860437 197.19972627663805 24
1621746863890 201.1205331863878 25
1621746866906 206.31098212796599 26
1621746869932 191.54638585190912 27
1621746872980 194.2886101861284 28
1621746876017 202.64956522738117 29
1621746879490 195.48207903943674 30
1621746882539 193.64753983957178 31
1621746885595 190.649277305861 32
1621746888634 198.23347210376605 33
1621746891691 189.48644658238928 34
1621746895188 189.12961703452757 35
1621746898221 191.04150978621192 36
1621746901269 187.24668765548387 37
1621746904306 192.0406175853604 38
1621746907323 185.88757752750985 39
1621746910788 194.78609987146075 40
1621746913811 188.72804228209037 41
1621746916852 182.38077626038574 42
1621746919896 187.37102890313372 43
1621746922914 190.81513305520676 44
1621746926388 185.47621626224927 45
1621746929408 188.07626017762425 46
1621746932454 185.3707874814344 47
1621746935482 197.5380713521963 48
1621746938528 181.46775041516247 49
