1621746785006 71.42435767461016 0
1621746788034 47.03130499510576 1
1621746791065 19.717895152603273 2
1621746794102 12.847693849629996 3
1621746797111 12.347043495683337 4
1621746801224 11.705607899060036 5
1621746804286 11.668792297095516 6
1621746807351 11.59916960459006 7
1621746810411 11.090182595637597 8
1621746813457 12.015761385882563 9
1621746816948 10.949763204887294 10
1621746820012 10.892175877298792 11
1621746823071 10.536471049013516 12
1621746826149 10.951665033587716 13
1621746829198 10.936458002488164 14
1621746832694 11.1435857327322 15
1621746835713 10.384041088606917 16
1621746838754 10.617229685237199 17
1621746841792 10.845651388355037 18
1621746844823 10.677666550269201 19
1621746848306 10.28545901182496 20
1621746851343 10.351559689760021 21
1621746854392 10.741580665565568 22
1621746857413 10.43940829504272 23
1621746860437 10.16455186419006 24
1621746863890 10.286919297803346 25
1621746866906 10.553482082141814 26
1621746869932 9.9444476797919 27
1621746872980 10.054856469947401 28
1621746876017 10.433490068825774 29
1621746879490 10.116921020638708 30
1621746882539 10.075444319532156 31
1621746885595 9.940316014097384 32
1621746888634 10.305680386577288 33
1621746891691 9.902856026678872 34
1621746895188 9.858501500724227 35
1621746898221 10.030658536104323 36
1621746901269 9.788970931718431 37
1621746904306 9.99974652216546 38
1621746907323 9.76616756899243 39
1621746910788 10.159804739238885 40
1621746913811 9.873938568361273 41
1621746916852 9.588938647083026 42
1621746919896 9.85714745373881 43
1621746922914 9.974306015592543 44
1621746926388 9.767681004102013 45
1621746929408 9.826314873463524 46
1621746932454 9.743560120924823 47
1621746935482 10.218698784695187 48
1621746938528 9.57368270376785 49
