1619945953144 5416.881547844501 0
1619945954809 2890.6610240819914 1
1619945956459 708.2909022834322 2
1619945958109 196.60249017872428 3
1619945959799 167.33886279243796 4
1619945962041 159.9895600790407 5
1619945963718 154.813532259981 6
1619945965383 153.1103630636966 7
1619945967054 154.6370185505476 8
1619945968755 148.06677558339862 9
1619945970722 146.02337352213678 10
1619945972346 141.50979422593124 11
1619945973979 141.7693817695179 12
1619945975619 144.0794619798005 13
1619945977255 142.4730267897974 14
1619945979209 138.94897322950615 15
1619945980866 138.44657008896885 16
1619945982529 135.25379806723006 17
1619945984188 131.9750688042475 18
1619945985864 129.85314783178757 19
1619945987860 124.49562849328369 20
1619945989526 124.75396479095781 21
1619945991196 121.6248836793359 22
1619945992897 116.81260646005292 23
1619945994569 119.33655415991016 24
1619945996522 116.25375739069271 25
1619945998194 116.09182324734513 26
1619945999837 114.40043179491134 27
1619946001497 114.3482506448743 28
1619946003210 114.68949277204295 29
1619946005188 112.01054156374714 30
1619946006882 111.43040685338295 31
1619946008573 110.62466594269567 32
1619946010268 109.24805859321688 33
1619946011918 109.00895219406758 34
1619946013961 108.37527994670174 35
1619946015620 109.70310611565742 36
1619946017293 107.17463066494999 37
1619946018990 107.42492866488712 38
1619946020672 107.1164398506833 39
1619946022674 105.35794898855362 40
1619946024380 107.80780138201584 41
1619946026084 105.21215140228018 42
1619946027763 106.03739589376191 43
1619946029519 104.30828960919345 44
1619946031495 103.72525893883424 45
1619946033179 103.2333776183159 46
1619946034846 102.9778165443047 47
1619946036511 102.82902843383529 48
1619946038124 102.41964576049598 49
