1619945953144 70.54884644636866 0
1619945954809 51.05494069179448 1
1619945956459 23.08128209379002 2
1619945958109 10.834603085139605 3
1619945959799 9.480602112599724 4
1619945962041 9.178191040107311 5
1619945963718 8.979998382374502 6
1619945965383 8.892477076359901 7
1619945967054 8.961214819733677 8
1619945968755 8.714603572351171 9
1619945970722 8.641704845690608 10
1619945972346 8.486646617193369 11
1619945973979 8.490221136910638 12
1619945975619 8.563329949918641 13
1619945977255 8.492856361172944 14
1619945979209 8.381689682965524 15
1619945980866 8.38146715362115 16
1619945982529 8.23702650227932 17
1619945984188 8.157993285969791 18
1619945985864 8.076126209476637 19
1619945987860 7.887940359814797 20
1619945989526 7.884910552381637 21
1619945991196 7.787986156368704 22
1619945992897 7.598707871562618 23
1619945994569 7.6987432942177305 24
1619945996522 7.5863365343512585 25
1619945998194 7.561454858560786 26
1619945999837 7.49602648886513 27
1619946001497 7.495219209315184 28
1619946003210 7.50367462745674 29
1619946005188 7.408653996136918 30
1619946006882 7.392397316018389 31
1619946008573 7.352648824548974 32
1619946010268 7.307782800675005 33
1619946011918 7.2902661027829865 34
1619946013961 7.249413439849162 35
1619946015620 7.3078724541031015 36
1619946017293 7.212699733861128 37
1619946018990 7.2328166924997515 38
1619946020672 7.198949034985762 39
1619946022674 7.13619948472447 40
1619946024380 7.220373021241145 41
1619946026084 7.135408958380037 42
1619946027763 7.167953525659249 43
1619946029519 7.089047470951903 44
1619946031495 7.0616917695113255 45
1619946033179 7.068438172062953 46
1619946034846 7.039625928769379 47
1619946036511 7.045571716882309 48
1619946038124 7.012968393310223 49
