1619947738042 5418.41340524868 0
1619947739689 2891.1067296642746 1
1619947741328 706.6137851803833 2
1619947743008 199.23716214318983 3
1619947744645 167.54751815742557 4
1619947746845 158.8499627346849 5
1619947748509 155.2738120854349 6
1619947750164 153.5757246835027 7
1619947751814 154.9995907361899 8
1619947753460 148.44285399503838 9
1619947755411 146.31282265826067 10
1619947757063 142.42554281503476 11
1619947758687 141.89124109755736 12
1619947760320 144.55226944644463 13
1619947761959 141.23458879037898 14
1619947763883 138.32255223648875 15
1619947765514 137.94864299935767 16
1619947767170 131.89224946967323 17
1619947768793 128.55605311449042 18
1619947770438 126.28845633787833 19
1619947772400 123.50878569152512 20
1619947774054 125.3701056990177 21
1619947775770 121.49028905716233 22
1619947777430 116.23687209284344 23
1619947779075 117.73136492176762 24
1619947781024 116.36265885841685 25
1619947782679 115.50932837763379 26
1619947784315 114.23467084098749 27
1619947785976 114.10839565832548 28
1619947787625 113.89916344436844 29
1619947789555 112.93447870182048 30
1619947791230 111.77108764085793 31
1619947792889 109.57912529998542 32
1619947794516 109.59696256835942 33
1619947796151 108.75778854008709 34
1619947798080 107.67065771140007 35
1619947799709 109.66120852772464 36
1619947801340 107.00131029705064 37
1619947803019 107.82183606307362 38
1619947804665 106.38030655528766 39
1619947806603 105.3768024094023 40
1619947808266 106.1526704370919 41
1619947809949 104.15086043183456 42
1619947811588 105.06779088554846 43
1619947813251 103.3445056388041 44
1619947815260 103.67196252046882 45
1619947816953 102.04644138578666 46
1619947818592 102.7023741716654 47
1619947820292 101.32791085208562 48
1619947821947 101.97768799385508 49
