1619947738042 70.54828348852227 0
1619947739689 51.04868779561169 1
1619947741328 23.042422478207065 2
1619947743008 10.927168649058443 3
1619947744645 9.505098532422876 4
1619947746845 9.155065302471542 5
1619947748509 9.005911557145627 6
1619947750164 8.920787371886354 7
1619947751814 8.973856060596091 8
1619947753460 8.744761578138924 9
1619947755411 8.659027741454084 10
1619947757063 8.52303145262918 11
1619947758687 8.50686764747472 12
1619947760320 8.580770645472612 13
1619947761959 8.464671303230766 14
1619947763883 8.36373549882974 15
1619947765514 8.359250151261948 16
1619947767170 8.165814542636575 17
1619947768793 8.063997883110785 18
1619947770438 7.98266284366756 19
1619947772400 7.871113065469392 20
1619947774054 7.919508462070447 21
1619947775770 7.799725196255384 22
1619947777430 7.592156654392473 23
1619947779075 7.654299910488601 24
1619947781024 7.594200524393172 25
1619947782679 7.553527299820132 26
1619947784315 7.50224025692176 27
1619947785976 7.499221667229916 28
1619947787625 7.481245252702948 29
1619947789555 7.4405157095700165 30
1619947791230 7.415071009954797 31
1619947792889 7.321362623291684 32
1619947794516 7.323577730269605 33
1619947796151 7.285053328655957 34
1619947798080 7.234816870687703 35
1619947799709 7.3052861701550365 36
1619947801340 7.209062485594824 37
1619947803019 7.246510329749202 38
1619947804665 7.188635662331792 39
1619947806603 7.143721794324211 40
1619947808266 7.17630340111058 41
1619947809949 7.100937935574629 42
1619947811588 7.156124753281876 43
1619947813251 7.0510675996258545 44
1619947815260 7.069327088572207 45
1619947816953 7.034324858221077 46
1619947818592 7.055894131334429 47
1619947820292 6.9954036487643245 48
1619947821947 7.005813949568995 49
