1621600118148 5548.180531202262 0
1621600122704 2779.9126520957443 1
1621600127283 692.7986344298197 2
1621600131869 280.0151376939528 3
1621600136467 253.08348798932224 4
1621600142379 241.51533268774722 5
1621600147016 234.6628944633795 6
1621600151698 219.39746739520436 7
1621600156390 209.5672307654794 8
1621600161068 208.62560052909427 9
1621600166350 204.0819145680739 10
1621600170990 200.84366905977527 11
1621600175599 196.216177734921 12
1621600180206 183.78695531093322 13
1621600184817 188.64608568263375 14
1621600190045 182.38972898168103 15
1621600194645 181.22773012800863 16
1621600199237 178.99697579236073 17
1621600203825 178.73300564033917 18
1621600208426 171.33125287828776 19
1621600213667 172.58151651113127 20
1621600218268 170.36482856027746 21
1621600222901 176.6897919528041 22
1621600227524 168.8270836012011 23
1621600232171 166.2468944406013 24
1621600237447 160.63224432548358 25
1621600242063 165.92072656301207 26
1621600246673 172.66410295593664 27
1621600251270 157.2592170622459 28
1621600255883 156.49334979457146 29
1621600261125 157.29415039342507 30
1621600265728 165.08806244921522 31
1621600270355 157.2746176853705 32
1621600274976 157.1671121102619 33
1621600279577 155.5309787851849 34
1621600284816 153.456059298267 35
1621600289437 166.87953801554286 36
1621600294053 151.336530098575 37
1621600298662 164.51575273972915 38
1621600303286 155.43794618626242 39
1621600308573 150.96889340596096 40
1621600313195 147.198597424812 41
1621600317798 163.50871228351076 42
1621600322414 150.5275585585474 43
1621600327049 152.89687372336556 44
1621600332354 148.88191286657664 45
1621600336985 153.23177244152404 46
1621600341641 157.25775869622169 47
1621600346286 155.23785716714087 48
1621600350962 152.47148090206213 49
