1621600118148 70.20693838147986 0
1621600122704 49.008092660981845 1
1621600127283 22.234223998430615 2
1621600131869 13.10153871219621 3
1621600136467 12.1409892557549 4
1621600142379 11.732489384319818 5
1621600147016 11.611987931395594 6
1621600151698 11.058932789344041 7
1621600156390 10.711138346216892 8
1621600161068 10.742822782074748 9
1621600166350 10.601630520550485 10
1621600170990 10.568578376733118 11
1621600175599 10.424293830562785 12
1621600180206 10.016586532723936 13
1621600184817 10.331796615035676 14
1621600190045 9.999300552087426 15
1621600194645 9.988718121809738 16
1621600199237 9.983359890894045 17
1621600203825 9.981557112931805 18
1621600208426 9.706940526984475 19
1621600213667 9.754538031234805 20
1621600218268 9.588792888387326 21
1621600222901 9.900870174399884 22
1621600227524 9.549374923551145 23
1621600232171 9.491226891840803 24
1621600237447 9.260804378161229 25
1621600242063 9.448937913962773 26
1621600246673 9.782895263474364 27
1621600251270 9.087076236639252 28
1621600255883 9.06286408563696 29
1621600261125 9.131398557747781 30
1621600265728 9.443042040777751 31
1621600270355 9.081856817614181 32
1621600274976 9.107844283999087 33
1621600279577 9.071688200314934 34
1621600284816 8.960779354043469 35
1621600289437 9.583627659182714 36
1621600294053 8.865189367191409 37
1621600298662 9.498587983565056 38
1621600303286 9.05800027906934 39
1621600308573 8.875283913989092 40
1621600313195 8.736892193869522 41
1621600317798 9.377252670859354 42
1621600322414 8.814564864189348 43
1621600327049 8.94613910197933 44
1621600332354 8.805688281649815 45
1621600336985 8.981915273395197 46
1621600341641 9.148297800920348 47
1621600346286 9.047490652866774 48
1621600350962 8.933111886950474 49
