1621753113126 5422.486448608142 0
1621753118846 2929.2959727231187 1
1621753124586 841.5171250247466 2
1621753130319 298.38660197594885 3
1621753136070 252.20249295395362 4
1621753143194 234.32752584374296 5
1621753148932 226.73938673744925 6
1621753154688 217.3958240351851 7
1621753160459 222.1573131024866 8
1621753166212 215.11658852948233 9
1621753172762 202.629137933431 10
1621753178533 214.22332919098065 11
1621753184323 211.1856853419529 12
1621753190085 201.22091601521493 13
1621753195865 199.01603651298902 14
1621753202450 191.69744892127085 15
1621753208224 198.30325260585172 16
1621753213970 188.17731619216434 17
1621753219761 192.17672327795222 18
1621753225561 191.17485091318557 19
1621753232142 189.99342009867104 20
1621753237924 186.53092432833913 21
1621753243690 185.47173307791527 22
1621753249490 181.56656298902294 23
1621753255283 180.07840165513858 24
1621753261913 176.85826917651124 25
1621753267721 181.3297594712493 26
1621753273506 172.16156187611827 27
1621753279301 169.52547720359001 28
1621753285103 169.60566914315183 29
1621753291730 160.13085544251487 30
1621753297546 162.44105958726004 31
1621753303354 159.3967326561572 32
1621753309153 163.55282937862614 33
1621753314953 152.4951977521849 34
1621753321605 151.15137384437335 35
1621753327443 151.38354003822715 36
1621753333281 145.8498218893063 37
1621753339098 142.87169257053392 38
1621753344919 141.1104524507731 39
1621753351522 139.62028053814805 40
1621753357337 152.20589108513872 41
1621753363157 136.53330358214893 42
1621753368944 138.9587997321979 43
1621753374757 144.0453370122797 44
1621753381373 138.41062253553295 45
1621753387172 137.97333196852767 46
1621753392971 134.40308604074198 47
1621753398763 131.91813582113085 48
1621753404578 138.5901324930688 49
