1621753113126 68.66701509174197 0
1621753118846 50.32522307230743 1
1621753124586 24.661551544287228 2
1621753130319 13.688972579264357 3
1621753136070 12.241897960063461 4
1621753143194 11.644319468664094 5
1621753148932 11.41040361011384 6
1621753154688 11.048952199782725 7
1621753160459 11.295678192227903 8
1621753166212 11.042849264652556 9
1621753172762 10.583492985305295 10
1621753178533 11.040761185847321 11
1621753184323 10.999976818058691 12
1621753190085 10.628465570710441 13
1621753195865 10.51789261292455 14
1621753202450 10.261988623674275 15
1621753208224 10.548065749409806 16
1621753213970 10.19278480164002 17
1621753219761 10.37578285732973 18
1621753225561 10.324120561295848 19
1621753232142 10.304361137828538 20
1621753237924 10.167682358199276 21
1621753243690 10.216549382582462 22
1621753249490 10.068138203443814 23
1621753255283 10.024348473446546 24
1621753261913 9.954835506460805 25
1621753267721 10.112923332585993 26
1621753273506 9.750083481338704 27
1621753279301 9.688356928137853 28
1621753285103 9.715082453041939 29
1621753291730 9.356756945769583 30
1621753297546 9.44325736875079 31
1621753303354 9.347266637129215 32
1621753309153 9.51554115428228 33
1621753314953 9.119830866973196 34
1621753321605 9.024370485815265 35
1621753327443 9.111414809907592 36
1621753333281 8.916975078496144 37
1621753339098 8.78499537756434 38
1621753344919 8.697345527622584 39
1621753351522 8.62205477832544 40
1621753357337 9.191454292260817 41
1621753363157 8.536482074147344 42
1621753368944 8.702175236948715 43
1621753374757 8.866817563358753 44
1621753381373 8.633739838306381 45
1621753387172 8.632358860169097 46
1621753392971 8.499101545825383 47
1621753398763 8.391506861174955 48
1621753404578 8.663052430431838 49
