1618582213762 2469.1444683755058 0
1618582255012 296.94741382367425 1
1618582296243 272.4830596009274 2
1618582337688 258.3908576994926 3
1618582379136 252.9420027901597 4
1618582427807 247.08011050091451 5
1618582469186 230.01104765556443 6
1618582510420 213.35918110811312 7
1618582554220 206.33461837037117 8
1618582598169 206.54543838685845 9
1618582646599 194.91454918816058 10
1618582690127 193.22695832462992 11
1618582733614 192.51195541036796 12
1618582777186 187.21787218273863 13
1618582820694 188.89903952952992 14
1618582869122 186.558447230931 15
1618582912731 188.3063573611035 16
1618582956460 183.42877796197683 17
1618583000105 179.12527347138732 18
1618583043918 177.371729321362 19
1618583091507 177.1473741057234 20
1618583135460 174.523163599541 21
1618583179065 175.6134053255212 22
1618583222663 169.04262557053792 23
1618583266270 171.49877480375196 24
1618583314988 168.5048741297169 25
1618583358738 172.30545646019416 26
1618583402314 167.3749721144318 27
1618583444300 167.9165277976225 28
1618583482962 171.09174785721245 29
1618583525921 166.54939408488684 30
1618583564506 164.9461776453245 31
1618583603093 163.29616910033832 32
1618583641759 167.50017359837406 33
1618583680341 164.06552911704662 34
1618583723298 160.51484507407199 35
1618583761900 162.25087694143485 36
1618583800448 159.74010044895138 37
1618583838949 160.45724614959363 38
1618583877879 157.02826174056017 39
1618583924180 158.5521550962806 40
1618583968051 156.19988047500627 41
1618584011837 156.7067805078673 42
1618584055337 152.11021454102647 43
1618584095474 150.50241758780214 44
1618584141478 148.99244706820758 45
1618584184264 150.99465221378688 46
1618584227877 148.12530962696167 47
1618584270954 146.2394068150991 48
1618584314130 146.2172511491031 49
