1618582213762 39.6576750360609 0
1618582255012 13.488724789346024 1
1618582296243 12.780178050129166 2
1618582337688 12.242441435426802 3
1618582379136 12.189043237841231 4
1618582427807 12.015119638781037 5
1618582469186 11.512830545109184 6
1618582510420 11.027066977411286 7
1618582554220 10.794234600380065 8
1618582598169 10.84973594486577 9
1618582646599 10.43902234670067 10
1618582690127 10.379793659602267 11
1618582733614 10.360490584971513 12
1618582777186 10.211363423969095 13
1618582820694 10.251224289229425 14
1618582869122 10.167679572219352 15
1618582912731 10.243094745390504 16
1618582956460 10.066501289599529 17
1618583000105 9.901443444850546 18
1618583043918 9.874807815567468 19
1618583091507 9.870560949711942 20
1618583135460 9.797584736791675 21
1618583179065 9.79532923031974 22
1618583222663 9.583248638980931 23
1618583266270 9.663953597802445 24
1618583314988 9.56175357112082 25
1618583358738 9.710121216950133 26
1618583402314 9.50948268833276 27
1618583444300 9.551889619997983 28
1618583482962 9.69376556883209 29
1618583525921 9.523107295481088 30
1618583564506 9.407783483484113 31
1618583603093 9.388279697954443 32
1618583641759 9.5678758258328 33
1618583680341 9.420860298245445 34
1618583723298 9.230479479295035 35
1618583761900 9.348214169090038 36
1618583800448 9.236452563829173 37
1618583838949 9.309172739934516 38
1618583877879 9.1296116335444 39
1618583924180 9.211560529308489 40
1618583968051 9.103365265247922 41
1618584011837 9.164698270023234 42
1618584055337 8.958802536167772 43
1618584095474 8.933791485748523 44
1618584141478 8.883598838228016 45
1618584184264 8.979817247743771 46
1618584227877 8.841750417722631 47
1618584270954 8.760228957926746 48
1618584314130 8.801563276192669 49
