1618496418370 4243.483722342202 0
1618496460040 519.9274930446777 1
1618496502621 278.7710519195433 2
1618496543477 324.50013589179906 3
1618496583632 254.70399091344467 4
1618496629766 239.7256468551584 5
1618496671758 224.56451676673757 6
1618496714272 220.98704525374268 7
1618496754499 205.62571505134002 8
1618496794116 202.36749883374924 9
1618496838982 199.9499410999431 10
1618496880109 193.28895337929336 11
1618496922538 198.4294539829914 12
1618496963681 197.27305212551641 13
1618497004388 182.1693068638592 14
1618497048988 184.22716554419094 15
1618497089073 180.29795178523005 16
1618497130192 183.1204157812104 17
1618497170229 174.26534751454176 18
1618497210171 176.72867683407503 19
1618497254641 182.6197667889359 20
1618497294451 175.75276398734792 21
1618497333367 172.4189377318437 22
1618497372325 173.04726382269428 23
1618497411789 167.72731531359497 24
1618497455949 162.40399892898913 25
1618497495459 165.13626665852146 26
1618497534875 166.56320060889786 27
1618497574032 165.78743551581465 28
1618497613347 159.9260057993225 29
1618497657575 162.99508403513522 30
1618497698220 162.49111050505675 31
1618497738080 162.27215365574543 32
1618497777632 158.30872780713761 33
1618497817703 162.15073763804816 34
1618497861627 158.20606282700174 35
1618497901446 158.72844342652647 36
1618497942719 158.8995689433521 37
1618497982788 160.39354249680738 38
1618498023767 159.2895923245531 39
1618498069358 155.7710035313337 40
1618498112145 157.7753818299071 41
1618498154922 156.22692647497124 42
1618498196672 159.72658674883482 43
1618498238962 155.4000063788756 44
1618498285653 155.20710913338118 45
1618498326666 151.88150692792604 46
1618498369486 163.0091571398117 47
1618498410272 157.99986625750523 48
1618498451848 151.57698039703658 49
