1618496418370 59.902064911672575 0
1618496460040 18.298260770484017 1
1618496502621 12.846360500650007 2
1618496543477 13.894359404676461 3
1618496583632 12.250490481375031 4
1618496629766 11.738742947748548 5
1618496671758 11.239799440351778 6
1618496714272 11.212073987474584 7
1618496754499 10.697755037952168 8
1618496794116 10.676617500319862 9
1618496838982 10.628535938557963 10
1618496880109 10.38888931310036 11
1618496922538 10.572454715432494 12
1618496963681 10.523542040802887 13
1618497004388 10.036852344330956 14
1618497048988 10.124758990549804 15
1618497089073 9.94760812692229 16
1618497130192 10.103018238517269 17
1618497170229 9.72920742830105 18
1618497210171 9.859054490395117 19
1618497254641 10.135644145165854 20
1618497294451 9.821863692985357 21
1618497333367 9.708640271283729 22
1618497372325 9.723728853050648 23
1618497411789 9.593073186167338 24
1618497455949 9.324060566137996 25
1618497495459 9.439462377159828 26
1618497534875 9.514448579501643 27
1618497574032 9.462150690954289 28
1618497613347 9.194971009039527 29
1618497657575 9.356305332326142 30
1618497698220 9.311982161906657 31
1618497738080 9.343510039133946 32
1618497777632 9.18784169636247 33
1618497817703 9.34231944357772 34
1618497861627 9.20853342207403 35
1618497901446 9.205425438560916 36
1618497942719 9.166220710117509 37
1618497982788 9.2934303276567 38
1618498023767 9.2728303427272 39
1618498069358 9.115434725148413 40
1618498112145 9.182864453993037 41
1618498154922 9.098366017609282 42
1618498196672 9.283821992926848 43
1618498238962 9.101870201171781 44
1618498285653 9.078357540298715 45
1618498326666 8.95863130959857 46
1618498369486 9.383755136132862 47
1618498410272 9.19058304520056 48
1618498451848 8.964231123816795 49
