1621519576347 5576.946554614621 0
1621519578715 2732.4036756972687 1
1621519581107 675.5926831579511 2
1621519583517 280.1751092589858 3
1621519585919 250.58625966371756 4
1621519589053 241.7430540415612 5
1621519591457 240.85078465089006 6
1621519593902 230.20760447633873 7
1621519596306 225.16727404946027 8
1621519598720 224.8169808014045 9
1621519601547 218.7251488464322 10
1621519603952 216.31878938506955 11
1621519606368 216.71226939860372 12
1621519608781 210.58688680475606 13
1621519611187 208.838901676768 14
1621519613990 210.08594332461902 15
1621519616380 207.79128187217032 16
1621519618790 204.9303303008401 17
1621519621200 203.7133511435869 18
1621519623635 197.44582166575938 19
1621519626461 191.48217007904034 20
1621519628880 189.84731406839265 21
1621519631293 186.89782241564225 22
1621519633707 183.84269944075427 23
1621519636116 180.64294142728153 24
1621519638912 175.3935660578999 25
1621519641326 175.5515853452618 26
1621519643731 176.45474552721168 27
1621519646137 172.40685081392422 28
1621519648552 172.29703251330048 29
1621519651387 168.22174958205144 30
1621519653827 174.22083811393637 31
1621519656263 167.51714045623453 32
1621519658679 169.88084002921536 33
1621519661130 164.4091847458987 34
1621519663937 164.60021618686716 35
1621519666375 164.5602979602217 36
1621519668799 161.61608532383863 37
1621519671207 161.17275514588138 38
1621519673627 162.9381599353564 39
1621519676438 161.538962220567 40
1621519678856 160.73092453783764 41
1621519681275 160.76956953010765 42
1621519683692 163.31662759955248 43
1621519686142 160.35528572885494 44
1621519688955 157.10385039854424 45
1621519691388 157.9151523970531 46
1621519693806 157.58062228743097 47
1621519696236 156.45905891612313 48
1621519698642 159.49931725281897 49
