1621519576347 70.09829267285596 0
1621519578715 48.56791998852287 1
1621519581107 21.985405196343063 2
1621519583517 12.997231424737956 3
1621519585919 11.869484047029712 4
1621519589053 11.645424654960332 5
1621519591457 11.671010885357296 6
1621519593902 11.282652310615099 7
1621519596306 11.143908133143567 8
1621519598720 11.169119570365366 9
1621519601547 10.924615073771024 10
1621519603952 10.818172045208255 11
1621519606368 10.875052933011958 12
1621519608781 10.664476419561327 13
1621519611187 10.62303034144529 14
1621519613990 10.693110266922043 15
1621519616380 10.596114955065476 16
1621519618790 10.52975125220599 17
1621519621200 10.559267446139419 18
1621519623635 10.373783188250929 19
1621519626461 10.194987444752446 20
1621519628880 10.152571275194468 21
1621519631293 10.042437775842389 22
1621519633707 9.968052706716755 23
1621519636116 9.903347879278574 24
1621519638912 9.68131111015063 25
1621519641326 9.690968893173743 26
1621519643731 9.802464925438251 27
1621519646137 9.642812194606467 28
1621519648552 9.621585345247926 29
1621519651387 9.454802777529222 30
1621519653827 9.731139287042438 31
1621519656263 9.47178625591691 32
1621519658679 9.589256914874635 33
1621519661130 9.353055355949857 34
1621519663937 9.365399346828092 35
1621519666375 9.370639942590918 36
1621519668799 9.207302246863186 37
1621519671207 9.228592202642664 38
1621519673627 9.283081998067969 39
1621519676438 9.2730759001492 40
1621519678856 9.237129717705901 41
1621519681275 9.233962914195883 42
1621519683692 9.307814109367767 43
1621519686142 9.21827815408843 44
1621519688955 9.085383565948945 45
1621519691388 9.102587853411872 46
1621519693806 9.087800465049735 47
1621519696236 9.052297516233399 48
1621519698642 9.200030415131048 49
